48201,2014,82691.0
48201,2015,78111.0
48201,2013,68945.0
48201,2016,67960.0
48201,2012,63568.0
6029,2015,59577.0
6029,2013,56485.0
6029,2014,55623.0
48201,2011,53349.0
6029,2012,52355.0
6029,2016,52040.0
6029,2011,51309.0
48201,2010,51200.0
6029,2010,48124.0
6019,2012,44230.0
6019,2015,42468.0
6107,2014,38968.0
6019,2014,38627.0
6019,2011,37291.0
6019,2013,36926.0
6053,2016,36708.0
6019,2010,36019.0
6053,2012,35491.0
6053,2015,35300.0
6107,2015,33095.0
6053,2014,32898.0
6107,2012,32037.0
6019,2016,31991.0
6107,2011,31461.0
6107,2010,31291.0
6107,2013,31088.0
6053,2011,29497.0
6111,2016,29111.0
6107,2016,28946.0
6037,2015,26458.0
6037,2014,26290.0
6053,2010,26052.0
6053,2013,25463.0
6111,2013,25336.0
6037,2010,24261.0
6037,2011,23529.0
6037,2013,23395.0
6111,2015,22923.0
6083,2016,22760.0
6111,2011,22518.0
48157,2015,22056.0
6111,2014,20811.0
6083,2015,20268.0
6037,2012,19831.0
6037,2016,19670.0
48157,2013,19420.0
6083,2013,19014.0
53077,2014,18367.0
6111,2012,18241.0
6083,2010,18031.0
6083,2011,18009.0
53077,2016,17978.0
6111,2010,17808.0
48329,2014,17756.0
48157,2014,17730.0
6065,2015,17598.0
48157,2016,17368.0
48157,2012,17326.0
48329,2015,17234.0
53077,2012,17177.0
53077,2015,16687.0
6073,2011,16266.0
6065,2014,16181.0
6077,2014,15890.0
6083,2012,15777.0
6073,2016,15749.0
48339,2014,15705.0
53077,2013,15597.0
6083,2014,15509.0
53077,2010,15444.0
6073,2014,15369.0
48339,2015,15213.0
6065,2012,15122.0
6065,2010,14996.0
48329,2012,14982.0
6047,2015,14969.0
6065,2011,14870.0
6077,2013,14683.0
6077,2015,14603.0
4013,2011,14385.0
48439,2015,14337.0
48329,2013,14279.0
6065,2013,14261.0
6065,2016,14116.0
4013,2014,14096.0
4013,2015,14024.0
6047,2014,13966.0
6077,2012,13782.0
40109,2015,13716.0
6073,2012,13688.0
6073,2015,13647.0
6047,2012,13576.0
48339,2013,13364.0
6099,2016,13264.0
48029,2015,13197.0
40109,2014,13080.0
48215,2015,12992.0
48329,2010,12968.0
48029,2014,12937.0
6099,2015,12922.0
48157,2011,12907.0
6047,2016,12813.0
6077,2010,12810.0
22055,2012,12724.0
48329,2011,12660.0
48439,2013,12630.0
6099,2013,12629.0
6077,2016,12574.0
22055,2014,12536.0
22055,2013,12231.0
40109,2013,12217.0
48029,2013,12201.0
48439,2014,12121.0
48339,2016,12012.0
6073,2010,11966.0
6039,2013,11956.0
6039,2010,11933.0
6039,2012,11908.0
6047,2013,11883.0
40109,2016,11798.0
4013,2016,11672.0
6047,2010,11660.0
22055,2016,11471.0
6047,2011,11336.0
6099,2010,11321.0
40109,2011,11311.0
48329,2016,11305.0
48157,2010,11304.0
12086,2012,11255.0
48113,2015,11162.0
48135,2015,11145.0
48215,2013,11130.0
6077,2011,11126.0
6099,2012,11124.0
6073,2013,11115.0
6039,2015,11076.0
8123,2015,11026.0
53077,2011,10945.0
6099,2014,10905.0
6099,2011,10796.0
48439,2016,10475.0
22055,2015,10417.0
40109,2012,10405.0
4013,2010,10374.0
4013,2013,10321.0
8123,2014,10288.0
4013,2012,10249.0
12057,2011,10174.0
48339,2011,9992.0
12086,2015,9989.0
48135,2016,9972.0
12086,2016,9929.0
22055,2011,9873.0
48439,2012,9744.0
48135,2012,9739.0
41047,2016,9681.0
41047,2015,9654.0
4027,2014,9636.0
41047,2013,9631.0
6039,2014,9618.0
53025,2016,9598.0
6097,2015,9586.0
6039,2011,9559.0
48215,2011,9504.0
12057,2013,9441.0
48339,2010,9405.0
48135,2014,9360.0
48339,2012,9291.0
6031,2010,9245.0
6031,2013,9176.0
48135,2013,9164.0
48215,2014,9137.0
6087,2012,9129.0
12057,2016,9072.0
42071,2015,8972.0
12057,2015,8969.0
6059,2015,8962.0
41047,2010,8957.0
41047,2014,8945.0
48215,2010,8941.0
48135,2011,8923.0
48113,2012,8872.0
48113,2014,8856.0
48439,2010,8816.0
6085,2013,8806.0
6059,2016,8743.0
48029,2012,8712.0
48215,2012,8703.0
6097,2012,8692.0
53025,2012,8589.0
12086,2014,8583.0
12086,2011,8560.0
6087,2015,8503.0
48439,2011,8445.0
6031,2012,8427.0
48215,2016,8422.0
6059,2013,8337.0
22055,2010,8312.0
48029,2016,8303.0
4027,2015,8263.0
4027,2016,8233.0
12099,2013,8209.0
12057,2014,8174.0
41047,2011,8171.0
6031,2014,8130.0
12099,2010,8110.0
6039,2016,8090.0
48113,2013,7914.0
12057,2010,7815.0
6059,2011,7812.0
40143,2014,7771.0
12086,2010,7748.0
8123,2016,7730.0
48355,2013,7691.0
48113,2016,7674.0
6087,2010,7667.0
53025,2011,7626.0
42071,2014,7604.0
42029,2014,7600.0
6031,2015,7586.0
48113,2011,7529.0
42071,2010,7495.0
42029,2015,7478.0
48085,2013,7435.0
6071,2010,7431.0
6025,2011,7410.0
48113,2010,7371.0
6031,2011,7361.0
6031,2016,7336.0
12099,2015,7322.0
12105,2011,7250.0
6087,2013,7237.0
12021,2014,7233.0
8123,2013,7226.0
53033,2014,7217.0
6059,2014,7215.0
53021,2016,7203.0
48135,2010,7202.0
40143,2016,7189.0
42029,2012,7145.0
4027,2013,7121.0
6071,2016,7116.0
41047,2012,7109.0
22109,2010,7104.0
42071,2013,7103.0
40109,2010,7049.0
4021,2012,7032.0
6087,2011,6976.0
42029,2013,6931.0
12099,2012,6927.0
2020,2012,6909.0
40143,2015,6891.0
6097,2011,6887.0
42071,2011,6853.0
53033,2012,6846.0
6059,2012,6836.0
8123,2011,6807.0
6087,2016,6752.0
2020,2013,6747.0
42029,2010,6745.0
53025,2010,6732.0
48355,2012,6714.0
6097,2013,6685.0
40143,2012,6666.0
4027,2011,6657.0
35025,2014,6639.0
48039,2014,6593.0
12105,2012,6562.0
40143,2013,6535.0
6097,2014,6530.0
6071,2013,6522.0
48121,2011,6480.0
53021,2012,6448.0
35045,2014,6444.0
6071,2012,6442.0
22109,2011,6376.0
48029,2011,6363.0
6067,2015,6332.0
42029,2011,6332.0
53033,2016,6293.0
12086,2013,6286.0
4027,2012,6227.0
48355,2014,6193.0
22109,2013,6189.0
6067,2012,6177.0
8123,2012,6142.0
42003,2014,6133.0
6071,2014,6110.0
12105,2014,6106.0
22109,2012,6099.0
4027,2010,6069.0
6071,2011,6066.0
4019,2013,6056.0
49035,2013,6049.0
22109,2014,6041.0
6113,2013,6033.0
42071,2012,5992.0
41051,2015,5985.0
8077,2014,5983.0
6087,2014,5979.0
8077,2013,5955.0
12105,2013,5933.0
48479,2013,5901.0
12021,2015,5898.0
35045,2010,5872.0
48451,2014,5859.0
35045,2011,5840.0
6025,2014,5825.0
35045,2015,5804.0
35045,2012,5799.0
6055,2012,5795.0
22057,2013,5763.0
6059,2010,5759.0
12057,2012,5748.0
6067,2016,5748.0
6067,2014,5733.0
8031,2013,5723.0
35025,2013,5709.0
8059,2015,5685.0
12099,2011,5680.0
48121,2013,5667.0
48355,2015,5664.0
6097,2016,5661.0
12099,2014,5655.0
22109,2016,5647.0
49035,2016,5623.0
4021,2011,5620.0
53073,2012,5603.0
12105,2015,5599.0
6085,2010,5591.0
53033,2015,5536.0
6025,2016,5536.0
49035,2015,5527.0
40017,2014,5496.0
8001,2013,5467.0
53033,2011,5465.0
2020,2015,5444.0
4019,2015,5429.0
4019,2014,5417.0
40143,2011,5373.0
48451,2013,5370.0
4021,2014,5359.0
8069,2012,5331.0
17031,2015,5316.0
48039,2013,5299.0
42003,2015,5298.0
4021,2013,5290.0
53033,2010,5282.0
6097,2010,5278.0
22109,2015,5267.0
16027,2015,5253.0
22051,2010,5246.0
35025,2015,5239.0
6085,2014,5233.0
6025,2013,5206.0
53005,2015,5206.0
53033,2013,5204.0
8031,2014,5201.0
42071,2016,5194.0
48453,2015,5172.0
6025,2015,5167.0
6079,2013,5154.0
35045,2013,5136.0
8001,2015,5126.0
6055,2015,5124.0
48141,2013,5123.0
26081,2016,5109.0
8031,2015,5105.0
8005,2014,5100.0
35045,2016,5057.0
6013,2015,5028.0
48085,2014,5013.0
2020,2014,5010.0
22017,2012,5007.0
4019,2012,4998.0
22017,2013,4995.0
41071,2016,4969.0
6025,2012,4958.0
41067,2013,4943.0
8077,2012,4930.0
48029,2010,4927.0
15001,2013,4906.0
6085,2015,4906.0
12021,2016,4877.0
56025,2014,4865.0
12083,2010,4864.0
6013,2012,4861.0
4019,2016,4858.0
55025,2014,4846.0
6067,2013,4841.0
17031,2012,4825.0
22051,2013,4820.0
6071,2015,4812.0
49035,2014,4795.0
8059,2012,4789.0
4019,2011,4774.0
6023,2011,4773.0
6079,2010,4759.0
17031,2011,4741.0
49035,2012,4730.0
12105,2010,4728.0
15001,2014,4728.0
48121,2014,4711.0
41005,2016,4709.0
48121,2012,4686.0
41067,2015,4684.0
22045,2015,4675.0
8001,2012,4675.0
53005,2010,4673.0
55025,2011,4668.0
8059,2013,4652.0
49035,2011,4645.0
12071,2011,4645.0
56025,2012,4641.0
42003,2016,4614.0
8059,2014,4609.0
32003,2014,4573.0
8005,2013,4565.0
42029,2016,4552.0
8123,2010,4546.0
6067,2011,4537.0
16027,2016,4532.0
8077,2015,4525.0
6001,2014,4525.0
48061,2014,4521.0
12021,2011,4496.0
6113,2016,4484.0
48121,2015,4477.0
12105,2016,4453.0
48451,2012,4446.0
6079,2012,4446.0
48453,2016,4441.0
42125,2015,4437.0
6101,2015,4434.0
17031,2013,4406.0
36103,2014,4387.0
21067,2010,4387.0
38101,2014,4385.0
6085,2016,4378.0
8005,2015,4377.0
6055,2014,4376.0
6101,2016,4372.0
42011,2011,4370.0
16083,2010,4350.0
6085,2011,4348.0
6055,2010,4341.0
48453,2014,4337.0
41051,2013,4330.0
16027,2014,4328.0
8001,2016,4328.0
12011,2010,4298.0
48085,2016,4298.0
8077,2010,4290.0
48453,2013,4279.0
27137,2013,4272.0
8077,2011,4250.0
12021,2012,4243.0
48479,2012,4239.0
42011,2014,4233.0
8069,2015,4205.0
6079,2011,4204.0
8001,2014,4199.0
48121,2010,4195.0
26139,2011,4186.0
8069,2014,4185.0
12099,2016,4177.0
16027,2011,4175.0
6007,2015,4174.0
48085,2015,4171.0
53073,2011,4171.0
48303,2012,4163.0
8059,2011,4162.0
6095,2016,4150.0
41039,2013,4147.0
26081,2015,4135.0
22017,2011,4134.0
22051,2014,4131.0
22057,2012,4126.0
48355,2011,4122.0
48479,2014,4121.0
16027,2012,4118.0
48085,2010,4111.0
6113,2010,4109.0
48303,2013,4109.0
41039,2011,4107.0
36103,2016,4105.0
48085,2011,4098.0
56025,2013,4094.0
8059,2016,4090.0
48061,2012,4088.0
6113,2011,4076.0
6055,2016,4063.0
41067,2010,4060.0
6079,2015,4059.0
48141,2015,4054.0
6007,2016,4048.0
17031,2014,4047.0
22057,2015,4013.0
42011,2016,4006.0
49049,2010,4005.0
4021,2016,4005.0
48451,2015,4004.0
56025,2015,4000.0
41005,2010,3991.0
6025,2010,3990.0
36103,2013,3983.0
40027,2015,3982.0
49035,2010,3979.0
6067,2010,3978.0
22017,2014,3973.0
41067,2011,3971.0
42125,2014,3969.0
55025,2012,3968.0
40143,2010,3961.0
2020,2010,3948.0
42011,2012,3945.0
42125,2013,3929.0
48251,2012,3928.0
48355,2010,3925.0
53073,2015,3917.0
22045,2011,3914.0
41067,2014,3911.0
2020,2016,3909.0
22017,2015,3904.0
12083,2016,3898.0
41051,2016,3898.0
35013,2011,3877.0
4021,2015,3873.0
41059,2014,3869.0
6095,2015,3868.0
48183,2013,3866.0
8069,2011,3862.0
22057,2016,3854.0
17031,2016,3843.0
6079,2016,3840.0
48355,2016,3832.0
48167,2013,3826.0
22057,2014,3822.0
22057,2010,3818.0
48041,2014,3805.0
40027,2014,3795.0
16027,2010,3794.0
34011,2016,3793.0
22051,2015,3785.0
53061,2013,3783.0
41039,2012,3779.0
12011,2015,3776.0
30111,2014,3771.0
6079,2014,3768.0
53007,2013,3760.0
15001,2010,3757.0
48183,2012,3756.0
8031,2012,3755.0
41029,2015,3749.0
35001,2011,3745.0
48121,2016,3739.0
15001,2012,3731.0
48367,2014,3721.0
41005,2015,3721.0
15003,2012,3716.0
4019,2010,3711.0
16001,2014,3706.0
6013,2014,3704.0
2020,2011,3691.0
48303,2014,3671.0
27137,2011,3665.0
53005,2014,3652.0
26139,2014,3646.0
38101,2013,3641.0
21067,2013,3636.0
56025,2010,3629.0
6113,2015,3625.0
6085,2012,3622.0
39169,2012,3622.0
48423,2015,3616.0
22015,2014,3616.0
41039,2015,3614.0
48469,2014,3614.0
48141,2014,3609.0
48303,2010,3609.0
35001,2012,3607.0
48423,2012,3602.0
22033,2013,3601.0
48141,2012,3587.0
22051,2011,3580.0
32003,2011,3577.0
48469,2013,3576.0
12021,2013,3576.0
40027,2013,3572.0
6101,2014,3571.0
48167,2015,3567.0
48367,2016,3559.0
53005,2012,3559.0
6007,2014,3548.0
48061,2010,3544.0
37191,2014,3537.0
48183,2011,3533.0
35001,2015,3523.0
53005,2011,3521.0
41005,2013,3519.0
48409,2014,3509.0
37191,2011,3507.0
26139,2016,3506.0
21067,2014,3504.0
41039,2014,3501.0
35013,2014,3494.0
48423,2010,3485.0
48367,2010,3474.0
15003,2016,3471.0
48085,2012,3469.0
42011,2013,3460.0
6101,2012,3454.0
16027,2013,3450.0
15003,2014,3438.0
48303,2015,3437.0
48367,2015,3435.0
41029,2016,3434.0
8059,2010,3429.0
48453,2012,3424.0
27137,2014,3424.0
15003,2010,3416.0
41067,2016,3416.0
8035,2014,3411.0
48491,2014,3410.0
41059,2010,3409.0
41051,2010,3409.0
6095,2011,3400.0
6013,2010,3392.0
19153,2014,3384.0
22015,2013,3382.0
15003,2015,3378.0
40027,2012,3369.0
22051,2016,3368.0
6001,2015,3366.0
41029,2013,3362.0
22015,2012,3358.0
27053,2016,3354.0
8005,2012,3352.0
40017,2013,3348.0
40017,2012,3340.0
53061,2014,3336.0
41067,2012,3335.0
12083,2014,3328.0
8013,2011,3328.0
19153,2010,3327.0
6013,2013,3323.0
27137,2012,3316.0
48039,2010,3314.0
32003,2010,3309.0
8041,2012,3309.0
53053,2016,3290.0
30111,2010,3287.0
48251,2010,3287.0
42011,2010,3283.0
53005,2013,3273.0
42003,2012,3265.0
55025,2015,3255.0
48061,2015,3253.0
17031,2010,3251.0
48251,2014,3246.0
48183,2014,3238.0
27053,2012,3229.0
40017,2015,3227.0
26081,2014,3214.0
6081,2011,3209.0
21067,2012,3196.0
22051,2012,3195.0
16001,2013,3189.0
8031,2016,3175.0
6013,2011,3172.0
41059,2011,3171.0
48423,2016,3170.0
31109,2011,3163.0
16083,2014,3162.0
48479,2015,3158.0
48041,2015,3157.0
48041,2013,3157.0
36103,2015,3156.0
40017,2011,3149.0
19153,2015,3146.0
34011,2015,3141.0
55009,2014,3135.0
41059,2013,3131.0
27053,2013,3129.0
30111,2012,3127.0
41039,2010,3127.0
55073,2013,3122.0
53063,2015,3120.0
6007,2013,3119.0
8069,2013,3103.0
53053,2012,3101.0
15001,2011,3099.0
41051,2011,3094.0
6113,2014,3093.0
8031,2011,3091.0
56025,2011,3088.0
53061,2010,3087.0
32003,2015,3082.0
16055,2013,3076.0
48183,2010,3069.0
53005,2016,3066.0
55039,2013,3066.0
41039,2016,3065.0
48451,2016,3064.0
48041,2012,3059.0
22017,2010,3057.0
53061,2015,3057.0
55025,2016,3055.0
41059,2016,3053.0
8069,2016,3048.0
8005,2016,3048.0
45045,2016,3047.0
55025,2013,3046.0
6001,2013,3044.0
41043,2010,3044.0
39169,2013,3042.0
48061,2011,3042.0
16001,2011,3042.0
19153,2016,3037.0
6095,2010,3036.0
27137,2016,3035.0
22019,2012,3034.0
39151,2015,3032.0
49049,2014,3031.0
53063,2016,3030.0
15001,2015,3029.0
12127,2014,3026.0
12083,2013,3024.0
48469,2012,3022.0
56025,2016,3011.0
48061,2016,3011.0
5007,2011,3009.0
8001,2010,3008.0
41051,2014,3007.0
27145,2011,3001.0
53073,2014,2998.0
48167,2014,2998.0
48039,2012,2994.0
27053,2014,2993.0
8031,2010,2992.0
40017,2016,2988.0
39013,2012,2986.0
22015,2011,2985.0
25005,2016,2979.0
12083,2012,2978.0
54039,2012,2976.0
27145,2013,2972.0
48303,2016,2970.0
56021,2015,2970.0
30063,2013,2964.0
6095,2012,2964.0
48183,2015,2948.0
12095,2016,2946.0
26081,2012,2941.0
49049,2012,2938.0
8077,2016,2937.0
20173,2014,2937.0
55025,2010,2936.0
37191,2016,2936.0
53073,2016,2930.0
48469,2016,2928.0
6007,2010,2925.0
27145,2016,2920.0
48167,2016,2919.0
41071,2014,2917.0
48367,2011,2916.0
27053,2010,2916.0
48491,2015,2914.0
41043,2011,2912.0
41005,2014,2909.0
35013,2013,2908.0
48453,2011,2903.0
41017,2013,2902.0
12083,2015,2900.0
37191,2012,2896.0
41059,2012,2895.0
48479,2016,2886.0
37191,2010,2886.0
35013,2012,2878.0
38101,2015,2877.0
48423,2013,2875.0
27053,2011,2872.0
15003,2011,2869.0
38015,2014,2862.0
22103,2014,2861.0
42125,2016,2861.0
42003,2013,2857.0
6055,2011,2856.0
48409,2013,2855.0
15009,2011,2852.0
12127,2010,2847.0
32003,2013,2839.0
10005,2015,2834.0
4025,2013,2833.0
2170,2014,2827.0
48141,2016,2827.0
41029,2010,2825.0
22103,2013,2825.0
26081,2013,2823.0
21067,2015,2821.0
15009,2014,2820.0
55073,2015,2818.0
48039,2015,2817.0
41017,2012,2811.0
39013,2013,2810.0
53053,2014,2810.0
48453,2010,2804.0
22019,2014,2803.0
1097,2014,2799.0
6023,2016,2798.0
12071,2014,2794.0
20173,2012,2792.0
16001,2015,2792.0
22103,2015,2790.0
42101,2016,2789.0
6095,2013,2789.0
8035,2015,2789.0
6081,2010,2788.0
55073,2012,2787.0
27137,2015,2774.0
6001,2011,2772.0
39169,2016,2767.0
5143,2012,2757.0
26163,2010,2755.0
48141,2011,2752.0
6095,2014,2748.0
2170,2010,2746.0
55027,2011,2745.0
6055,2013,2743.0
30031,2013,2740.0
53057,2014,2740.0
55073,2016,2736.0
31055,2015,2732.0
6113,2012,2731.0
41019,2013,2731.0
48061,2013,2728.0
36005,2011,2723.0
6007,2012,2720.0
38017,2011,2720.0
12011,2016,2718.0
5007,2010,2710.0
27145,2014,2708.0
53073,2013,2706.0
41005,2012,2703.0
55073,2011,2702.0
36029,2014,2699.0
40027,2011,2698.0
53067,2010,2692.0
2170,2013,2691.0
48479,2010,2685.0
6013,2016,2674.0
54039,2010,2674.0
55009,2013,2673.0
16001,2010,2671.0
48423,2011,2668.0
27137,2010,2667.0
22071,2012,2663.0
27053,2015,2656.0
27145,2010,2653.0
22071,2010,2653.0
8001,2011,2653.0
48479,2011,2652.0
48183,2016,2651.0
22097,2015,2649.0
55079,2016,2649.0
42055,2013,2648.0
6001,2012,2646.0
42003,2011,2645.0
41043,2015,2639.0
22103,2016,2639.0
48251,2013,2639.0
42051,2012,2638.0
48251,2011,2628.0
41051,2012,2627.0
16083,2016,2623.0
36081,2012,2620.0
48367,2012,2619.0
16083,2012,2616.0
16083,2015,2615.0
12021,2010,2615.0
12081,2012,2613.0
6101,2013,2607.0
53057,2015,2592.0
42051,2015,2590.0
32031,2013,2590.0
48141,2010,2587.0
12095,2012,2586.0
36029,2016,2584.0
12095,2010,2582.0
53063,2012,2579.0
53053,2011,2575.0
10005,2010,2573.0
42125,2012,2570.0
53061,2016,2569.0
22019,2011,2564.0
48039,2011,2558.0
8069,2010,2557.0
8041,2011,2556.0
12011,2012,2550.0
6023,2015,2545.0
30111,2016,2537.0
22071,2014,2536.0
21067,2011,2533.0
17099,2015,2532.0
41059,2015,2531.0
53053,2013,2528.0
53067,2015,2526.0
12095,2015,2524.0
41071,2012,2523.0
42011,2015,2523.0
26081,2011,2522.0
4021,2010,2521.0
25017,2014,2521.0
12071,2010,2520.0
26125,2012,2518.0
8005,2010,2512.0
22033,2014,2508.0
27145,2015,2506.0
41029,2011,2506.0
26139,2012,2498.0
12069,2013,2498.0
22057,2011,2497.0
12071,2015,2496.0
5045,2013,2494.0
26081,2010,2494.0
4025,2011,2493.0
37191,2013,2493.0
41019,2011,2490.0
12031,2015,2490.0
38015,2012,2482.0
48381,2013,2481.0
26121,2010,2477.0
35001,2014,2474.0
1125,2012,2473.0
54039,2013,2473.0
22033,2012,2472.0
42129,2013,2471.0
41019,2015,2470.0
6081,2014,2459.0
48491,2011,2459.0
30111,2015,2458.0
41029,2012,2457.0
37127,2016,2456.0
48041,2010,2456.0
22019,2015,2456.0
42075,2012,2456.0
42125,2011,2453.0
6007,2011,2453.0
8035,2013,2448.0
41017,2014,2447.0
22097,2011,2444.0
55009,2011,2440.0
41071,2015,2437.0
20173,2013,2434.0
40027,2010,2429.0
42133,2012,2424.0
42063,2013,2423.0
12071,2016,2421.0
26005,2011,2419.0
35013,2010,2413.0
48485,2015,2412.0
53011,2013,2411.0
36055,2014,2410.0
41029,2014,2409.0
29189,2011,2409.0
25027,2014,2408.0
6081,2015,2408.0
48245,2014,2403.0
31055,2013,2403.0
35001,2010,2402.0
22017,2016,2402.0
35013,2015,2401.0
13121,2011,2400.0
48441,2014,2395.0
55079,2015,2395.0
53053,2015,2395.0
53057,2016,2393.0
26163,2016,2389.0
48181,2014,2388.0
48423,2014,2388.0
29189,2012,2387.0
54033,2014,2387.0
8041,2015,2383.0
16001,2016,2382.0
42063,2011,2380.0
2170,2012,2380.0
35001,2016,2377.0
53061,2011,2375.0
41043,2016,2368.0
39029,2013,2368.0
2090,2010,2368.0
21067,2016,2364.0
1073,2014,2363.0
32003,2016,2359.0
42063,2012,2357.0
39151,2014,2356.0
42063,2014,2354.0
12083,2011,2352.0
19153,2011,2352.0
25005,2014,2352.0
42129,2014,2350.0
26163,2013,2348.0
17089,2015,2343.0
22071,2013,2342.0
22033,2010,2341.0
26163,2015,2340.0
42055,2014,2338.0
20173,2015,2337.0
51165,2016,2337.0
55073,2010,2335.0
48451,2011,2333.0
54061,2013,2331.0
30111,2013,2328.0
27145,2012,2324.0
12001,2015,2321.0
48167,2011,2320.0
39013,2015,2319.0
30063,2011,2319.0
27037,2014,2313.0
55039,2014,2313.0
41019,2016,2308.0
5045,2010,2304.0
48251,2015,2303.0
45063,2010,2302.0
42001,2012,2296.0
35001,2013,2295.0
55079,2010,2295.0
25017,2010,2295.0
48245,2010,2291.0
6001,2016,2289.0
49049,2016,2288.0
26139,2013,2286.0
42055,2010,2286.0
39013,2011,2283.0
1073,2015,2281.0
46103,2014,2273.0
5143,2010,2271.0
12095,2011,2266.0
42055,2016,2261.0
12081,2013,2260.0
42055,2012,2259.0
17099,2011,2255.0
22103,2010,2255.0
29189,2010,2255.0
34011,2012,2251.0
48485,2016,2249.0
12127,2011,2247.0
23005,2014,2246.0
53063,2011,2246.0
53041,2016,2245.0
38017,2014,2241.0
41043,2013,2232.0
42107,2011,2232.0
22015,2010,2229.0
6023,2010,2228.0
53073,2010,2221.0
13121,2013,2221.0
38015,2015,2221.0
36067,2013,2217.0
36071,2010,2216.0
55039,2015,2213.0
6089,2012,2210.0
31055,2011,2210.0
41071,2010,2207.0
53063,2013,2206.0
6023,2014,2201.0
48039,2016,2201.0
48139,2013,2200.0
54039,2011,2199.0
30111,2011,2191.0
37183,2011,2188.0
36081,2013,2184.0
26055,2011,2183.0
22103,2011,2180.0
25027,2010,2179.0
42075,2011,2179.0
54039,2014,2178.0
38017,2015,2177.0
30063,2014,2176.0
48441,2012,2176.0
55039,2012,2175.0
16019,2016,2174.0
48469,2010,2173.0
37179,2013,2168.0
12071,2012,2167.0
30031,2014,2166.0
15009,2010,2164.0
36103,2010,2164.0
22103,2012,2163.0
2090,2011,2162.0
30029,2014,2162.0
42125,2010,2157.0
34011,2010,2153.0
55039,2010,2152.0
36117,2016,2152.0
39151,2013,2152.0
49049,2011,2152.0
25027,2016,2151.0
26005,2014,2148.0
48245,2013,2144.0
32031,2011,2143.0
12069,2012,2140.0
39169,2014,2139.0
41035,2015,2137.0
53015,2011,2137.0
55009,2016,2137.0
53061,2012,2135.0
51165,2010,2134.0
22097,2014,2132.0
6089,2010,2130.0
30031,2016,2129.0
30029,2016,2129.0
16055,2014,2129.0
22079,2016,2126.0
8035,2016,2126.0
48491,2012,2123.0
1125,2013,2122.0
55073,2014,2118.0
39013,2014,2115.0
36081,2015,2113.0
32031,2016,2111.0
32031,2014,2109.0
5045,2014,2108.0
21111,2015,2106.0
10005,2012,2106.0
8013,2014,2104.0
35013,2016,2104.0
19169,2012,2103.0
23003,2012,2103.0
26021,2014,2103.0
1097,2012,2100.0
42063,2016,2100.0
12085,2016,2100.0
36027,2014,2095.0
45003,2014,2094.0
48041,2011,2086.0
31109,2013,2086.0
55079,2012,2081.0
30031,2011,2080.0
42027,2012,2080.0
41019,2010,2079.0
20173,2010,2077.0
31109,2012,2075.0
2170,2015,2074.0
22019,2016,2073.0
55027,2015,2072.0
48167,2010,2072.0
42111,2012,2071.0
4005,2011,2068.0
15003,2013,2067.0
37183,2016,2066.0
1073,2012,2066.0
17113,2013,2064.0
42133,2010,2060.0
42107,2013,2057.0
32003,2012,2055.0
6023,2012,2050.0
48485,2012,2050.0
55027,2014,2050.0
41017,2015,2049.0
41019,2012,2045.0
42003,2010,2044.0
2170,2016,2043.0
29189,2013,2042.0
36013,2014,2041.0
38101,2016,2041.0
6023,2013,2040.0
55009,2010,2037.0
26139,2010,2036.0
12031,2011,2035.0
24021,2014,2031.0
20091,2014,2026.0
1097,2010,2025.0
12095,2014,2023.0
30029,2012,2023.0
1097,2011,2021.0
25017,2012,2020.0
54061,2014,2018.0
17019,2012,2013.0
32031,2012,2011.0
6089,2015,2009.0
48409,2012,2007.0
12071,2013,2004.0
1125,2011,2003.0
12081,2011,1999.0
36027,2016,1998.0
55127,2014,1996.0
40017,2010,1994.0
42017,2014,1991.0
1097,2013,1990.0
16019,2011,1990.0
48381,2014,1988.0
38017,2013,1987.0
25009,2016,1987.0
19153,2012,1986.0
4025,2010,1986.0
42133,2016,1986.0
10005,2011,1983.0
22033,2015,1983.0
51165,2015,1983.0
8013,2016,1982.0
53041,2014,1981.0
48409,2015,1980.0
48451,2010,1980.0
41071,2013,1979.0
37195,2011,1979.0
54033,2012,1978.0
16019,2015,1974.0
48291,2010,1973.0
26163,2014,1971.0
32031,2015,1966.0
34011,2011,1966.0
12061,2013,1963.0
12103,2015,1959.0
47157,2011,1959.0
12115,2016,1953.0
55141,2015,1950.0
4025,2014,1950.0
23003,2014,1950.0
22079,2014,1950.0
48375,2013,1949.0
53067,2016,1949.0
1125,2010,1946.0
9009,2011,1945.0
4025,2015,1942.0
24021,2012,1941.0
30063,2012,1941.0
25009,2011,1940.0
23005,2011,1939.0
6001,2010,1936.0
39169,2015,1936.0
36071,2013,1936.0
48167,2012,1934.0
36101,2012,1931.0
15009,2012,1929.0
4025,2012,1926.0
41019,2014,1926.0
48303,2011,1925.0
17099,2016,1924.0
23019,2012,1919.0
41043,2014,1917.0
36047,2014,1916.0
49049,2013,1915.0
41035,2014,1914.0
36103,2012,1913.0
17099,2010,1913.0
5007,2015,1912.0
23003,2015,1912.0
39169,2010,1911.0
41017,2011,1911.0
48309,2016,1911.0
17099,2012,1910.0
21111,2014,1909.0
49049,2015,1909.0
23005,2015,1909.0
8041,2014,1907.0
12009,2016,1903.0
42075,2013,1903.0
36029,2011,1902.0
41005,2011,1901.0
37147,2016,1900.0
36103,2011,1899.0
24031,2016,1899.0
16001,2012,1898.0
22105,2014,1897.0
13135,2013,1894.0
15009,2015,1893.0
37101,2012,1890.0
42017,2015,1889.0
48181,2010,1889.0
10003,2011,1888.0
42063,2010,1887.0
46099,2016,1886.0
40119,2015,1885.0
5007,2012,1882.0
34005,2011,1881.0
53067,2011,1880.0
12111,2016,1879.0
42101,2015,1878.0
29189,2016,1877.0
31109,2015,1874.0
46099,2011,1867.0
48187,2013,1867.0
42063,2015,1865.0
36027,2011,1865.0
25009,2014,1863.0
39049,2013,1861.0
29095,2016,1861.0
36089,2010,1861.0
42129,2012,1860.0
29183,2013,1859.0
17197,2015,1859.0
25009,2010,1856.0
39013,2016,1855.0
26163,2012,1854.0
22033,2011,1852.0
42055,2015,1851.0
23005,2012,1849.0
42133,2013,1845.0
42081,2014,1844.0
42111,2011,1842.0
6045,2015,1842.0
8013,2012,1840.0
22015,2015,1840.0
55027,2010,1838.0
31055,2012,1837.0
49057,2014,1837.0
42017,2011,1834.0
55109,2016,1833.0
36101,2010,1832.0
36029,2013,1831.0
22097,2012,1830.0
48213,2013,1830.0
26159,2015,1826.0
36101,2016,1826.0
55027,2016,1826.0
30013,2015,1824.0
46099,2014,1822.0
27003,2013,1821.0
36065,2013,1817.0
47093,2016,1817.0
20173,2016,1817.0
26159,2014,1816.0
33011,2014,1814.0
36067,2016,1812.0
53041,2015,1811.0
1073,2011,1808.0
53041,2010,1808.0
48381,2015,1808.0
53053,2010,1805.0
12069,2010,1803.0
6045,2011,1802.0
25005,2011,1799.0
48469,2011,1797.0
38017,2012,1796.0
48187,2012,1795.0
48181,2012,1793.0
39169,2011,1792.0
37183,2015,1789.0
42051,2013,1788.0
8035,2011,1788.0
37179,2010,1787.0
15001,2016,1785.0
36011,2013,1785.0
42129,2011,1785.0
53011,2014,1783.0
48441,2013,1783.0
26159,2010,1781.0
25027,2015,1780.0
29095,2014,1779.0
49005,2014,1778.0
36071,2012,1777.0
53067,2014,1776.0
42049,2014,1774.0
48367,2013,1773.0
22105,2012,1773.0
27123,2011,1771.0
17089,2013,1771.0
42091,2012,1767.0
29189,2014,1767.0
22079,2010,1767.0
6081,2012,1767.0
42033,2015,1766.0
12103,2011,1766.0
4003,2014,1766.0
48187,2015,1766.0
12103,2013,1765.0
38015,2016,1765.0
22071,2011,1763.0
27109,2015,1762.0
53057,2012,1762.0
1073,2010,1761.0
12111,2012,1761.0
40027,2016,1760.0
36065,2016,1758.0
51069,2010,1758.0
31055,2010,1758.0
5143,2015,1757.0
23019,2010,1754.0
8013,2015,1754.0
45079,2012,1753.0
1073,2013,1753.0
48381,2012,1753.0
34011,2014,1750.0
42091,2010,1750.0
20091,2010,1749.0
36101,2011,1747.0
55101,2014,1744.0
5045,2012,1742.0
1097,2015,1742.0
23019,2013,1742.0
8005,2011,1742.0
26125,2013,1740.0
13121,2014,1740.0
23005,2013,1739.0
36051,2010,1738.0
26103,2010,1738.0
42091,2013,1737.0
45091,2013,1735.0
12009,2015,1734.0
36089,2016,1733.0
13139,2015,1731.0
30031,2015,1730.0
22073,2012,1730.0
48469,2015,1730.0
53057,2010,1728.0
42001,2013,1728.0
6075,2015,1727.0
48041,2016,1722.0
19153,2013,1721.0
36081,2016,1721.0
46103,2013,1720.0
51165,2014,1718.0
22063,2012,1718.0
12111,2010,1716.0
39035,2011,1715.0
54061,2011,1714.0
48027,2015,1714.0
39049,2010,1713.0
37183,2014,1708.0
22019,2013,1707.0
6089,2016,1706.0
42129,2015,1704.0
41043,2012,1703.0
42101,2014,1701.0
37155,2015,1699.0
42095,2016,1698.0
48139,2014,1698.0
55141,2013,1696.0
19169,2010,1695.0
42051,2011,1694.0
31055,2016,1694.0
12069,2014,1692.0
51059,2012,1691.0
55071,2010,1690.0
30031,2012,1689.0
56021,2014,1689.0
53041,2011,1685.0
10003,2016,1683.0
42027,2014,1683.0
5131,2013,1682.0
27163,2013,1682.0
42081,2013,1679.0
42041,2012,1679.0
42133,2011,1678.0
42133,2014,1677.0
37183,2012,1676.0
12095,2013,1675.0
42107,2010,1674.0
17019,2013,1674.0
55079,2013,1673.0
23005,2010,1669.0
56021,2010,1669.0
31109,2010,1668.0
27003,2011,1667.0
4015,2014,1666.0
36047,2015,1665.0
55141,2016,1664.0
55101,2013,1663.0
5045,2011,1662.0
30049,2013,1662.0
54061,2012,1662.0
38015,2013,1661.0
31109,2014,1658.0
12069,2011,1658.0
5119,2014,1657.0
26099,2013,1656.0
17201,2013,1655.0
26021,2011,1653.0
12103,2012,1652.0
36047,2016,1652.0
36117,2015,1649.0
42001,2010,1649.0
48245,2012,1647.0
24031,2014,1647.0
39151,2016,1646.0
26125,2015,1645.0
17099,2014,1645.0
8035,2012,1643.0
55117,2013,1643.0
47037,2014,1642.0
26139,2015,1642.0
17043,2010,1641.0
36013,2010,1640.0
1073,2016,1640.0
38017,2010,1640.0
36117,2010,1639.0
48441,2011,1635.0
27163,2014,1633.0
48187,2014,1633.0
6061,2015,1632.0
23031,2013,1630.0
10005,2016,1630.0
6089,2013,1629.0
36067,2015,1628.0
48491,2013,1628.0
48491,2016,1627.0
42111,2013,1626.0
4025,2016,1626.0
53057,2013,1625.0
26103,2011,1623.0
12081,2010,1621.0
8035,2010,1621.0
22073,2011,1620.0
12103,2010,1619.0
17019,2014,1619.0
17089,2010,1616.0
2090,2015,1616.0
27109,2012,1615.0
42081,2015,1614.0
46103,2011,1613.0
42111,2010,1612.0
48245,2016,1612.0
13121,2015,1611.0
36059,2010,1610.0
26103,2013,1610.0
55097,2015,1609.0
10003,2015,1609.0
5007,2013,1608.0
51059,2015,1608.0
1095,2013,1607.0
42005,2013,1605.0
51059,2011,1605.0
36071,2016,1604.0
31055,2014,1604.0
42107,2016,1604.0
45051,2016,1602.0
12069,2016,1602.0
36063,2014,1602.0
27171,2015,1601.0
42111,2015,1600.0
42097,2013,1599.0
26021,2010,1598.0
36051,2013,1598.0
51165,2012,1597.0
36013,2013,1596.0
12111,2015,1595.0
13095,2010,1595.0
16055,2011,1594.0
12111,2011,1593.0
33011,2011,1591.0
25023,2016,1590.0
55105,2016,1588.0
40131,2013,1588.0
39157,2014,1587.0
20091,2015,1587.0
13139,2011,1587.0
55079,2011,1586.0
15007,2012,1585.0
48091,2014,1582.0
55097,2013,1582.0
55009,2015,1580.0
36089,2013,1578.0
1003,2014,1577.0
6081,2016,1577.0
42091,2014,1576.0
39157,2015,1574.0
42017,2013,1572.0
24005,2014,1570.0
38035,2015,1570.0
42033,2010,1570.0
48027,2014,1567.0
55097,2010,1567.0
1089,2015,1566.0
42129,2016,1566.0
48491,2010,1566.0
6089,2011,1562.0
15009,2013,1561.0
17167,2014,1559.0
40125,2014,1558.0
17197,2012,1558.0
27123,2010,1556.0
25027,2012,1555.0
55097,2014,1553.0
56021,2016,1553.0
19193,2013,1552.0
55087,2011,1551.0
22079,2012,1551.0
55079,2014,1549.0
27139,2014,1548.0
41003,2010,1547.0
39133,2013,1547.0
55039,2016,1546.0
42021,2013,1546.0
37063,2015,1546.0
42049,2015,1544.0
36117,2014,1544.0
23031,2015,1544.0
39095,2013,1543.0
42033,2013,1542.0
48251,2016,1541.0
28059,2010,1540.0
48485,2013,1539.0
42097,2010,1538.0
26159,2012,1538.0
41053,2010,1538.0
42081,2012,1537.0
13059,2013,1536.0
51165,2011,1536.0
27037,2015,1534.0
42005,2011,1532.0
8041,2016,1532.0
25009,2012,1532.0
36027,2012,1531.0
37101,2016,1529.0
17111,2014,1527.0
36091,2012,1527.0
42041,2014,1526.0
37183,2010,1525.0
53015,2010,1524.0
21059,2012,1522.0
21059,2014,1522.0
12033,2011,1522.0
26005,2016,1520.0
32031,2010,1519.0
45003,2011,1519.0
42081,2016,1519.0
55059,2013,1518.0
26005,2015,1518.0
9003,2010,1517.0
26103,2012,1517.0
12061,2010,1515.0
53035,2013,1514.0
48485,2010,1514.0
26077,2016,1512.0
42075,2010,1512.0
51165,2013,1511.0
36101,2015,1511.0
42039,2015,1509.0
39035,2013,1509.0
48309,2014,1508.0
24021,2015,1508.0
42019,2011,1507.0
13121,2016,1505.0
48027,2013,1503.0
46103,2015,1502.0
25009,2013,1501.0
37151,2010,1501.0
42075,2015,1500.0
26065,2010,1500.0
42077,2016,1499.0
53011,2016,1499.0
49011,2012,1499.0
26077,2010,1497.0
42107,2014,1496.0
26145,2011,1496.0
12033,2015,1495.0
29183,2014,1494.0
36029,2012,1493.0
37089,2016,1493.0
41053,2011,1493.0
22071,2015,1492.0
19155,2014,1492.0
36117,2012,1489.0
38035,2011,1489.0
36101,2013,1488.0
17197,2014,1488.0
36119,2013,1487.0
25013,2015,1486.0
55055,2015,1485.0
45063,2011,1485.0
6081,2013,1485.0
36117,2011,1485.0
55027,2013,1484.0
55127,2010,1484.0
20173,2011,1484.0
55087,2012,1481.0
55117,2011,1481.0
25017,2015,1479.0
2090,2014,1478.0
13067,2011,1478.0
54033,2015,1477.0
29183,2010,1476.0
55055,2012,1476.0
42039,2011,1476.0
36011,2016,1475.0
12069,2015,1474.0
13139,2010,1474.0
36011,2010,1473.0
34009,2011,1473.0
10001,2012,1473.0
47157,2014,1472.0
25001,2015,1470.0
36081,2010,1469.0
23003,2010,1467.0
18097,2014,1467.0
5131,2014,1467.0
37155,2016,1466.0
51107,2013,1466.0
25005,2015,1466.0
19193,2016,1465.0
12011,2014,1465.0
26005,2010,1462.0
18057,2015,1461.0
26159,2011,1460.0
39151,2012,1460.0
27037,2010,1460.0
12101,2014,1460.0
9001,2013,1459.0
55027,2012,1459.0
55039,2011,1459.0
38017,2016,1458.0
49005,2015,1458.0
40119,2012,1457.0
37179,2012,1457.0
55105,2015,1456.0
42111,2014,1456.0
38015,2011,1454.0
37025,2012,1454.0
45063,2015,1454.0
37101,2015,1453.0
12085,2014,1451.0
28049,2011,1451.0
1003,2013,1450.0
19103,2011,1450.0
23003,2011,1450.0
9001,2014,1449.0
55139,2010,1448.0
42045,2015,1448.0
9009,2010,1447.0
41003,2014,1446.0
56021,2012,1445.0
19013,2012,1444.0
42039,2013,1444.0
36019,2016,1443.0
25023,2012,1442.0
17111,2012,1441.0
36089,2012,1439.0
17197,2016,1439.0
9001,2016,1439.0
5143,2013,1438.0
36053,2016,1438.0
56021,2011,1437.0
36071,2011,1437.0
49005,2016,1436.0
10003,2012,1435.0
37151,2016,1435.0
42039,2014,1431.0
19193,2010,1431.0
26021,2016,1431.0
37133,2013,1430.0
45051,2012,1430.0
22079,2013,1429.0
4003,2013,1428.0
4005,2014,1428.0
48485,2014,1427.0
53067,2013,1427.0
12101,2015,1427.0
37135,2014,1426.0
55009,2012,1426.0
35043,2011,1425.0
39035,2014,1425.0
16019,2012,1424.0
55105,2013,1424.0
48245,2015,1423.0
34005,2015,1422.0
51015,2011,1422.0
4015,2011,1422.0
27123,2014,1421.0
46099,2012,1421.0
41003,2012,1421.0
42077,2011,1420.0
17115,2011,1420.0
19193,2012,1420.0
19169,2014,1419.0
26005,2012,1417.0
49057,2013,1417.0
42055,2011,1416.0
44007,2011,1415.0
25005,2012,1413.0
54039,2015,1412.0
36019,2011,1412.0
23003,2013,1412.0
54061,2010,1411.0
39029,2012,1411.0
6017,2011,1411.0
37127,2011,1410.0
17167,2012,1410.0
48409,2016,1410.0
26093,2010,1409.0
56021,2013,1409.0
12113,2014,1408.0
42107,2012,1408.0
2170,2011,1408.0
8101,2014,1408.0
55131,2010,1408.0
27037,2012,1407.0
25017,2013,1407.0
40131,2014,1407.0
42041,2015,1406.0
17111,2010,1406.0
45079,2014,1406.0
24043,2014,1405.0
17019,2016,1404.0
48187,2016,1403.0
39057,2010,1401.0
30029,2013,1401.0
27037,2016,1400.0
26103,2014,1399.0
12033,2012,1398.0
25017,2016,1397.0
39093,2016,1397.0
18057,2011,1396.0
55109,2014,1395.0
27037,2011,1395.0
20091,2012,1392.0
42039,2010,1392.0
37195,2010,1392.0
18097,2012,1392.0
48245,2011,1391.0
55071,2016,1391.0
55105,2011,1390.0
55071,2011,1389.0
5131,2010,1388.0
45051,2011,1387.0
16019,2010,1386.0
53009,2016,1384.0
22105,2010,1384.0
48213,2012,1383.0
22063,2014,1382.0
18039,2012,1381.0
1003,2012,1381.0
36069,2010,1378.0
17089,2016,1376.0
55071,2015,1375.0
42041,2011,1374.0
42101,2011,1374.0
55117,2016,1374.0
12031,2012,1372.0
37021,2010,1369.0
1003,2011,1369.0
19113,2013,1368.0
1089,2012,1367.0
54033,2013,1367.0
53041,2012,1366.0
40125,2011,1366.0
42043,2014,1365.0
25013,2014,1365.0
27013,2013,1364.0
55141,2010,1364.0
36011,2011,1363.0
17111,2016,1362.0
22079,2015,1361.0
27131,2016,1361.0
36069,2014,1361.0
12111,2013,1361.0
22097,2016,1360.0
45019,2012,1360.0
53011,2011,1359.0
36059,2016,1358.0
20015,2014,1358.0
26077,2012,1358.0
18085,2015,1356.0
40037,2013,1356.0
1117,2010,1352.0
42101,2013,1351.0
21111,2013,1351.0
1049,2011,1350.0
42049,2012,1348.0
29189,2015,1348.0
29183,2015,1347.0
12081,2016,1346.0
21111,2011,1346.0
36013,2016,1345.0
55071,2013,1344.0
37089,2011,1344.0
37119,2015,1343.0
38015,2010,1343.0
42133,2015,1343.0
25003,2014,1342.0
20091,2016,1342.0
30063,2015,1342.0
1081,2011,1341.0
49057,2012,1340.0
33011,2010,1340.0
17143,2015,1338.0
18057,2010,1338.0
39007,2016,1338.0
36027,2013,1337.0
55133,2016,1336.0
55131,2013,1335.0
53009,2014,1335.0
23019,2014,1335.0
48309,2010,1335.0
12127,2013,1334.0
29183,2012,1334.0
55133,2012,1334.0
27171,2012,1333.0
39099,2012,1333.0
46099,2010,1333.0
29097,2011,1333.0
24003,2013,1332.0
33011,2015,1332.0
39157,2016,1332.0
42081,2011,1331.0
37101,2011,1330.0
22063,2011,1330.0
36013,2015,1330.0
13089,2014,1329.0
42001,2014,1329.0
51061,2010,1328.0
26115,2015,1328.0
26159,2013,1327.0
26099,2011,1326.0
55097,2016,1326.0
22105,2016,1325.0
25027,2011,1325.0
9009,2014,1324.0
37133,2016,1321.0
15007,2015,1320.0
42001,2016,1319.0
18089,2014,1319.0
39153,2013,1318.0
25005,2013,1318.0
53011,2015,1318.0
42013,2013,1318.0
42049,2013,1317.0
18003,2011,1316.0
5045,2015,1316.0
48381,2016,1315.0
26037,2013,1315.0
55117,2012,1314.0
42091,2015,1312.0
53063,2014,1312.0
24025,2012,1312.0
22079,2011,1312.0
39029,2015,1312.0
49011,2014,1311.0
12009,2012,1310.0
36089,2014,1310.0
55105,2010,1310.0
26073,2013,1310.0
39093,2014,1310.0
22105,2013,1310.0
12127,2016,1310.0
36065,2010,1309.0
22071,2016,1309.0
48309,2013,1309.0
17019,2011,1308.0
6075,2016,1308.0
22019,2010,1307.0
38035,2010,1307.0
40031,2012,1307.0
39095,2014,1306.0
36119,2016,1305.0
37155,2013,1304.0
26103,2016,1304.0
18157,2016,1303.0
36111,2013,1302.0
1003,2010,1302.0
12127,2015,1302.0
24013,2012,1301.0
34029,2012,1301.0
6017,2016,1301.0
8041,2013,1300.0
39151,2011,1299.0
19169,2016,1297.0
36065,2014,1297.0
20091,2011,1297.0
35043,2013,1297.0
5085,2013,1296.0
55055,2016,1296.0
42021,2010,1296.0
12115,2013,1295.0
36011,2015,1295.0
42095,2013,1294.0
10001,2014,1294.0
36047,2010,1294.0
9015,2012,1293.0
26073,2014,1293.0
17111,2011,1292.0
34015,2014,1292.0
12113,2012,1292.0
48213,2014,1292.0
24005,2013,1291.0
36029,2010,1290.0
48309,2012,1289.0
42021,2011,1287.0
55105,2014,1287.0
37089,2013,1287.0
25017,2011,1286.0
48213,2011,1285.0
36007,2015,1285.0
37081,2015,1284.0
9015,2015,1283.0
22105,2011,1283.0
48181,2013,1283.0
12081,2015,1283.0
22073,2014,1283.0
53063,2010,1283.0
36067,2010,1283.0
40031,2010,1280.0
49005,2013,1280.0
55055,2013,1280.0
17099,2013,1280.0
42051,2014,1279.0
17167,2015,1279.0
20091,2013,1278.0
17115,2015,1278.0
42019,2013,1277.0
55101,2010,1277.0
4017,2013,1275.0
55097,2011,1275.0
49057,2015,1273.0
37159,2011,1273.0
8013,2010,1272.0
39049,2016,1271.0
37021,2014,1270.0
9005,2013,1269.0
37133,2012,1269.0
37147,2012,1267.0
42097,2015,1266.0
34015,2016,1266.0
39157,2011,1266.0
17043,2016,1265.0
49011,2015,1264.0
10005,2014,1264.0
17163,2010,1264.0
5085,2012,1263.0
12101,2016,1262.0
36067,2011,1261.0
23003,2016,1260.0
38035,2013,1260.0
36009,2010,1259.0
39049,2011,1258.0
29097,2014,1257.0
26103,2015,1256.0
39157,2012,1256.0
26077,2014,1256.0
42027,2010,1256.0
37127,2012,1255.0
6075,2014,1254.0
26163,2011,1254.0
13073,2011,1253.0
44007,2014,1253.0
36009,2015,1252.0
46099,2013,1252.0
42041,2010,1251.0
5031,2012,1250.0
26065,2012,1250.0
42027,2015,1249.0
42075,2014,1249.0
42075,2016,1248.0
46103,2010,1247.0
42005,2010,1247.0
22033,2016,1247.0
46103,2016,1247.0
26077,2013,1246.0
39013,2010,1246.0
30031,2010,1245.0
53067,2012,1244.0
37081,2011,1243.0
30013,2012,1243.0
55071,2014,1243.0
42051,2010,1242.0
12127,2012,1241.0
36009,2011,1240.0
48139,2011,1238.0
37155,2012,1238.0
24045,2014,1238.0
24003,2014,1237.0
9009,2012,1236.0
53015,2012,1235.0
30063,2016,1234.0
25013,2013,1233.0
36013,2011,1231.0
39017,2015,1231.0
9001,2015,1230.0
33015,2015,1229.0
49057,2016,1228.0
5031,2014,1228.0
41071,2011,1228.0
54033,2016,1227.0
42001,2011,1227.0
23019,2015,1226.0
1117,2011,1225.0
48209,2015,1225.0
17197,2011,1224.0
42033,2016,1223.0
36065,2011,1223.0
37179,2016,1222.0
27163,2016,1221.0
39085,2016,1220.0
8041,2010,1220.0
23011,2011,1218.0
47149,2016,1217.0
55127,2013,1216.0
26037,2012,1215.0
36055,2015,1215.0
55087,2010,1215.0
40131,2016,1214.0
25013,2010,1214.0
19155,2015,1211.0
39093,2015,1210.0
25027,2013,1208.0
55087,2014,1208.0
1095,2011,1208.0
44007,2016,1207.0
15009,2016,1207.0
6041,2011,1206.0
19113,2012,1206.0
38035,2014,1206.0
19163,2011,1205.0
4017,2014,1205.0
26099,2016,1204.0
39035,2012,1203.0
18097,2013,1203.0
42019,2016,1201.0
39035,2015,1201.0
37085,2015,1201.0
35049,2014,1200.0
26037,2010,1199.0
30029,2015,1198.0
42019,2014,1197.0
42051,2016,1197.0
17113,2012,1196.0
17089,2014,1196.0
24003,2012,1195.0
27163,2011,1194.0
26037,2015,1194.0
17091,2014,1193.0
12031,2013,1192.0
17119,2015,1191.0
1089,2013,1190.0
48309,2015,1190.0
17179,2011,1189.0
27037,2013,1188.0
10003,2014,1187.0
27109,2011,1187.0
37183,2013,1187.0
39153,2016,1187.0
45041,2011,1187.0
12117,2010,1186.0
26087,2014,1185.0
26099,2014,1184.0
42041,2016,1184.0
25013,2016,1184.0
42021,2015,1183.0
36109,2011,1183.0
18085,2013,1182.0
55127,2015,1182.0
9015,2014,1182.0
25001,2011,1181.0
34037,2012,1181.0
27171,2013,1181.0
55071,2012,1180.0
42097,2011,1180.0
6017,2014,1180.0
10001,2010,1178.0
17167,2016,1177.0
13139,2016,1177.0
36063,2010,1177.0
40125,2016,1177.0
49005,2010,1176.0
40119,2016,1174.0
18089,2011,1174.0
48091,2016,1173.0
42005,2012,1173.0
17197,2010,1172.0
39055,2014,1172.0
42085,2015,1172.0
17043,2011,1170.0
34001,2011,1169.0
37021,2011,1169.0
12097,2014,1168.0
1069,2015,1168.0
17089,2012,1168.0
36029,2015,1166.0
49053,2015,1165.0
51061,2013,1165.0
30029,2010,1165.0
55055,2014,1164.0
45063,2012,1162.0
18157,2010,1160.0
25011,2012,1160.0
1095,2015,1159.0
42079,2013,1159.0
42013,2016,1159.0
26073,2010,1159.0
37119,2012,1158.0
19113,2014,1158.0
53009,2011,1158.0
37155,2010,1158.0
25015,2014,1157.0
26091,2010,1157.0
29019,2013,1156.0
24021,2013,1155.0
19049,2013,1155.0
25023,2015,1155.0
34037,2016,1155.0
17167,2013,1154.0
55087,2013,1154.0
55141,2011,1154.0
55131,2012,1154.0
42101,2012,1153.0
33009,2013,1153.0
37097,2012,1151.0
6057,2012,1151.0
36067,2014,1151.0
26091,2013,1151.0
10005,2013,1150.0
42073,2016,1150.0
51107,2015,1150.0
55127,2012,1150.0
5085,2016,1150.0
17179,2010,1150.0
2090,2016,1149.0
13057,2015,1149.0
49011,2011,1149.0
26005,2013,1148.0
36117,2013,1148.0
47147,2016,1147.0
40119,2010,1146.0
6061,2013,1145.0
12061,2012,1145.0
17043,2013,1142.0
34035,2015,1142.0
37021,2012,1141.0
9001,2010,1141.0
42033,2012,1141.0
46103,2012,1141.0
42091,2016,1141.0
1043,2012,1140.0
5007,2014,1140.0
12081,2014,1140.0
51041,2013,1140.0
37021,2013,1140.0
9003,2013,1139.0
29510,2015,1139.0
19049,2010,1139.0
36055,2016,1137.0
53041,2013,1137.0
39045,2012,1137.0
12103,2016,1136.0
55055,2010,1136.0
24043,2013,1136.0
48441,2015,1136.0
20209,2011,1135.0
25023,2010,1135.0
24021,2011,1135.0
45083,2010,1134.0
37171,2014,1134.0
24005,2010,1134.0
36089,2011,1134.0
17097,2014,1133.0
26049,2011,1133.0
37057,2016,1133.0
12009,2011,1133.0
27003,2015,1132.0
23031,2014,1132.0
16055,2015,1131.0
51153,2010,1131.0
36075,2016,1131.0
6075,2010,1130.0
45019,2010,1130.0
36013,2012,1129.0
55133,2013,1129.0
53015,2015,1129.0
12005,2015,1128.0
42077,2012,1128.0
26065,2013,1128.0
37127,2015,1126.0
45045,2014,1125.0
55101,2016,1125.0
48091,2013,1124.0
10001,2011,1124.0
19013,2015,1121.0
55117,2014,1120.0
36055,2010,1119.0
23011,2013,1118.0
39133,2016,1118.0
9005,2010,1118.0
17089,2011,1117.0
1081,2014,1116.0
42043,2016,1116.0
6017,2012,1115.0
9005,2011,1115.0
38035,2012,1114.0
28049,2014,1114.0
12087,2015,1113.0
17111,2015,1113.0
36101,2014,1113.0
29095,2012,1112.0
40037,2015,1112.0
26145,2015,1111.0
36053,2012,1111.0
39151,2010,1111.0
39017,2016,1111.0
48209,2014,1110.0
27013,2014,1109.0
48209,2016,1109.0
23005,2016,1109.0
40131,2012,1107.0
19061,2012,1107.0
27131,2014,1106.0
35049,2010,1106.0
36091,2014,1106.0
48027,2012,1105.0
42079,2016,1105.0
26145,2012,1104.0
39093,2011,1104.0
4017,2015,1104.0
39119,2013,1104.0
24013,2011,1104.0
31153,2016,1104.0
45063,2013,1103.0
18157,2012,1103.0
16019,2014,1103.0
40131,2015,1103.0
24031,2015,1102.0
26087,2011,1102.0
51061,2014,1101.0
9003,2011,1101.0
44009,2014,1101.0
39017,2014,1101.0
37089,2012,1101.0
5119,2015,1100.0
21111,2016,1100.0
42019,2015,1099.0
13139,2014,1099.0
26021,2012,1099.0
36045,2016,1097.0
42007,2015,1096.0
36015,2010,1096.0
55087,2015,1096.0
22063,2015,1095.0
12101,2012,1095.0
36009,2012,1094.0
51085,2015,1094.0
9015,2013,1094.0
51107,2010,1093.0
33015,2014,1093.0
45063,2014,1093.0
23011,2016,1092.0
28121,2011,1092.0
37151,2012,1091.0
26091,2016,1091.0
39029,2014,1090.0
4003,2016,1090.0
42019,2012,1090.0
54061,2016,1089.0
55141,2012,1088.0
27019,2012,1088.0
19155,2016,1087.0
42085,2014,1087.0
5031,2010,1087.0
17183,2016,1087.0
4005,2013,1086.0
34023,2011,1085.0
10003,2013,1085.0
17119,2012,1084.0
36019,2013,1084.0
26125,2010,1084.0
42039,2016,1083.0
9013,2013,1083.0
42027,2013,1083.0
12117,2014,1081.0
26161,2014,1081.0
18097,2015,1081.0
33015,2010,1080.0
55087,2016,1079.0
36055,2013,1079.0
40031,2013,1078.0
55059,2015,1078.0
37151,2014,1077.0
49053,2016,1077.0
37001,2016,1077.0
42021,2014,1077.0
29037,2011,1077.0
36061,2013,1076.0
37101,2013,1076.0
9005,2014,1076.0
25001,2016,1074.0
13121,2010,1074.0
12001,2016,1074.0
17043,2015,1073.0
12033,2013,1073.0
26161,2015,1072.0
42049,2011,1072.0
49053,2012,1071.0
17037,2015,1071.0
29019,2016,1071.0
27123,2012,1070.0
45045,2011,1070.0
42001,2015,1070.0
53011,2010,1069.0
23031,2010,1069.0
42005,2016,1068.0
49005,2012,1068.0
42129,2010,1068.0
48139,2016,1067.0
17201,2011,1067.0
37051,2010,1067.0
25015,2012,1066.0
55059,2011,1066.0
9011,2016,1066.0
36053,2014,1065.0
28049,2016,1065.0
21111,2012,1065.0
39035,2016,1065.0
42101,2010,1065.0
26091,2012,1065.0
48441,2016,1064.0
37147,2015,1063.0
1097,2016,1063.0
55133,2010,1063.0
17179,2016,1062.0
45019,2011,1061.0
37119,2014,1061.0
51061,2016,1061.0
17183,2014,1060.0
17161,2016,1060.0
30013,2014,1059.0
51107,2016,1058.0
27171,2010,1058.0
26065,2016,1058.0
41017,2016,1058.0
47149,2012,1057.0
8013,2013,1057.0
47037,2011,1057.0
4005,2010,1057.0
9001,2012,1057.0
29071,2014,1056.0
48187,2010,1056.0
36015,2011,1056.0
53015,2016,1056.0
45003,2012,1056.0
12053,2015,1056.0
26145,2014,1055.0
29095,2011,1055.0
48375,2014,1055.0
47093,2010,1053.0
23019,2016,1053.0
5143,2014,1053.0
37127,2013,1053.0
51059,2010,1052.0
48091,2015,1052.0
49057,2011,1051.0
24033,2011,1051.0
18003,2015,1050.0
55101,2015,1050.0
17161,2011,1049.0
19061,2015,1049.0
36051,2016,1049.0
24005,2016,1048.0
26091,2011,1048.0
42095,2015,1047.0
53015,2014,1047.0
29095,2013,1047.0
27139,2016,1046.0
36055,2012,1044.0
34025,2010,1043.0
37057,2011,1043.0
24033,2010,1042.0
34021,2010,1041.0
55131,2015,1041.0
37045,2010,1040.0
15007,2010,1039.0
25023,2011,1039.0
34025,2012,1039.0
31153,2013,1038.0
36091,2013,1038.0
24005,2011,1038.0
36071,2015,1037.0
20045,2015,1037.0
42089,2015,1037.0
40125,2015,1036.0
36051,2015,1036.0
30063,2010,1036.0
36027,2015,1036.0
55117,2010,1035.0
12101,2010,1034.0
24013,2015,1034.0
17037,2016,1034.0
27171,2016,1034.0
55109,2012,1033.0
17179,2012,1033.0
33013,2014,1032.0
42097,2014,1032.0
17037,2014,1032.0
36111,2015,1032.0
16005,2015,1031.0
12103,2014,1031.0
45019,2015,1031.0
26159,2016,1031.0
39095,2012,1031.0
47065,2012,1031.0
55127,2016,1031.0
39049,2014,1030.0
42045,2014,1029.0
26091,2014,1029.0
18057,2012,1029.0
36011,2014,1029.0
49005,2011,1028.0
39089,2013,1027.0
26077,2015,1027.0
19013,2014,1027.0
4017,2016,1027.0
55139,2013,1027.0
42019,2010,1026.0
36047,2011,1026.0
1003,2016,1025.0
42017,2012,1025.0
29097,2016,1025.0
19155,2011,1024.0
28047,2013,1024.0
19061,2013,1024.0
9013,2015,1023.0
55117,2015,1023.0
35049,2016,1022.0
17097,2010,1022.0
26037,2014,1021.0
13139,2012,1020.0
36063,2012,1019.0
26077,2011,1018.0
37151,2015,1018.0
9005,2016,1018.0
13089,2011,1017.0
23001,2012,1017.0
17179,2015,1017.0
42079,2010,1017.0
9001,2011,1017.0
37049,2014,1016.0
26161,2013,1015.0
37179,2015,1015.0
47187,2011,1014.0
42021,2016,1013.0
42017,2016,1012.0
48485,2011,1012.0
55139,2012,1011.0
19103,2010,1010.0
17113,2015,1010.0
17201,2012,1010.0
45083,2015,1010.0
36027,2010,1009.0
6089,2014,1009.0
5143,2016,1009.0
26093,2012,1008.0
1117,2015,1008.0
18163,2010,1008.0
55063,2014,1007.0
17001,2016,1007.0
12101,2013,1007.0
36081,2014,1007.0
47037,2010,1007.0
42089,2010,1006.0
5031,2015,1005.0
19169,2011,1005.0
27013,2012,1005.0
29097,2010,1005.0
4003,2010,1005.0
55139,2015,1004.0
17167,2011,1003.0
6061,2012,1002.0
39061,2012,1002.0
51810,2014,1002.0
23011,2012,1002.0
17115,2010,1001.0
24031,2010,999.0
37171,2012,998.0
19061,2011,997.0
36089,2015,997.0
40037,2014,996.0
38035,2016,995.0
45013,2014,995.0
37081,2016,995.0
26099,2015,995.0
48441,2010,994.0
9015,2010,994.0
12033,2014,994.0
19103,2015,994.0
55131,2014,992.0
37021,2015,992.0
17091,2010,991.0
25023,2013,991.0
37089,2014,991.0
13045,2013,989.0
18081,2010,989.0
1043,2013,989.0
22015,2016,989.0
34019,2013,989.0
5007,2016,988.0
27109,2013,988.0
26125,2014,988.0
42005,2014,988.0
19155,2013,987.0
53011,2012,987.0
36059,2015,987.0
33015,2013,986.0
36111,2014,985.0
40125,2012,985.0
37067,2015,985.0
36011,2012,984.0
35049,2012,984.0
37109,2012,984.0
12001,2010,983.0
36045,2013,983.0
17097,2013,982.0
8101,2011,982.0
17161,2010,982.0
26125,2011,981.0
27019,2010,981.0
9005,2015,981.0
51061,2012,980.0
6041,2012,980.0
21227,2014,979.0
9011,2012,979.0
42033,2011,978.0
37021,2016,977.0
26147,2013,977.0
19049,2016,977.0
45045,2015,977.0
34021,2013,976.0
36051,2012,976.0
18157,2015,976.0
35049,2015,976.0
42091,2011,975.0
47163,2011,975.0
42045,2011,974.0
53027,2012,974.0
39049,2015,973.0
33009,2015,973.0
19113,2016,973.0
29031,2013,972.0
39153,2012,972.0
37155,2014,972.0
24021,2016,971.0
16055,2016,970.0
12115,2014,970.0
23011,2015,970.0
48091,2012,970.0
45051,2015,968.0
19193,2015,968.0
13135,2014,968.0
36081,2011,967.0
24031,2012,967.0
31109,2016,967.0
10003,2010,966.0
40031,2015,966.0
39173,2014,965.0
36119,2014,965.0
26099,2012,965.0
1103,2011,965.0
37159,2012,964.0
42097,2012,964.0
42039,2012,964.0
24033,2013,962.0
26087,2010,962.0
39099,2013,962.0
55109,2010,961.0
47093,2015,961.0
39007,2014,960.0
25021,2012,959.0
37031,2013,959.0
5131,2012,959.0
12087,2016,959.0
29071,2015,959.0
42013,2014,959.0
37031,2014,958.0
17161,2012,957.0
24013,2013,957.0
39049,2012,957.0
28059,2014,957.0
12017,2015,957.0
9003,2014,956.0
53009,2012,956.0
21059,2015,955.0
34041,2013,953.0
51810,2012,952.0
27139,2011,952.0
40037,2012,952.0
34005,2013,952.0
45007,2016,951.0
48027,2010,951.0
26025,2011,950.0
42111,2016,950.0
42013,2011,949.0
29095,2010,949.0
18089,2013,949.0
17119,2010,949.0
36091,2016,949.0
17179,2013,948.0
42043,2010,948.0
42089,2012,948.0
1077,2010,946.0
4005,2016,946.0
55097,2012,945.0
6041,2015,944.0
1089,2014,944.0
30013,2010,944.0
26075,2015,944.0
17091,2016,944.0
25005,2010,944.0
40037,2010,943.0
55035,2011,943.0
28049,2010,943.0
19049,2014,943.0
55035,2012,943.0
27171,2014,943.0
4017,2012,942.0
37147,2010,942.0
40145,2016,940.0
19193,2011,939.0
48209,2013,939.0
5131,2015,939.0
36047,2012,939.0
51810,2015,937.0
27123,2015,937.0
22073,2015,936.0
17167,2010,936.0
42107,2015,935.0
48257,2012,935.0
34019,2015,935.0
18097,2010,935.0
13185,2010,935.0
55109,2013,934.0
18003,2010,934.0
36111,2012,934.0
27013,2015,934.0
13135,2016,933.0
37147,2013,933.0
42045,2010,932.0
29097,2012,932.0
17037,2012,932.0
39061,2013,932.0
39061,2014,931.0
1083,2013,931.0
51059,2013,931.0
39089,2014,931.0
19163,2013,930.0
37097,2014,930.0
53057,2011,929.0
5119,2010,929.0
19163,2010,929.0
25011,2010,928.0
36075,2013,927.0
37171,2016,927.0
39055,2013,926.0
42095,2012,926.0
48375,2015,925.0
39017,2010,925.0
19103,2014,925.0
17091,2012,924.0
24005,2015,924.0
24005,2012,924.0
21059,2010,923.0
37001,2010,922.0
1015,2016,922.0
23031,2011,922.0
13185,2016,921.0
12113,2016,921.0
19013,2011,921.0
34021,2011,920.0
55109,2011,920.0
25001,2012,920.0
27171,2011,920.0
18089,2012,919.0
36069,2011,919.0
37119,2016,919.0
34003,2010,919.0
47163,2013,919.0
27003,2014,919.0
17097,2011,918.0
18091,2011,917.0
35043,2014,916.0
1095,2016,916.0
34033,2015,916.0
48027,2016,915.0
5031,2016,914.0
37191,2015,914.0
39029,2011,914.0
28121,2016,914.0
42079,2014,914.0
42049,2016,914.0
23011,2014,913.0
37127,2014,913.0
48381,2011,913.0
30013,2011,913.0
45041,2013,912.0
48397,2015,912.0
36055,2011,912.0
24045,2011,911.0
18095,2014,910.0
23031,2012,910.0
33017,2010,910.0
12011,2011,910.0
37179,2014,909.0
36015,2012,908.0
22073,2010,908.0
34023,2012,908.0
47093,2011,907.0
37063,2011,907.0
36053,2013,906.0
39119,2014,906.0
12061,2014,906.0
12117,2016,903.0
36065,2015,903.0
36059,2014,903.0
39063,2012,902.0
42013,2010,902.0
45051,2010,902.0
26021,2013,902.0
19061,2016,900.0
45003,2016,899.0
1125,2015,899.0
16005,2014,898.0
42085,2013,898.0
26121,2013,898.0
42045,2016,897.0
24027,2014,897.0
23001,2011,896.0
17001,2010,896.0
37001,2012,896.0
12101,2011,896.0
29071,2011,896.0
27109,2010,896.0
29077,2015,896.0
25011,2015,895.0
37119,2013,894.0
39103,2013,894.0
12097,2010,894.0
26025,2013,893.0
55127,2011,893.0
34003,2013,893.0
18095,2010,893.0
42007,2014,893.0
25015,2011,892.0
34041,2015,892.0
39119,2016,891.0
50007,2012,890.0
9003,2012,889.0
19169,2013,889.0
19163,2015,888.0
54039,2016,888.0
37097,2016,887.0
39173,2013,887.0
13139,2013,887.0
12085,2015,887.0
36071,2014,886.0
1083,2012,886.0
37019,2014,885.0
24033,2012,885.0
17163,2014,884.0
6041,2016,884.0
36005,2012,884.0
36001,2015,884.0
1043,2016,883.0
24013,2016,883.0
40145,2013,883.0
37051,2014,883.0
18039,2014,883.0
34005,2010,882.0
51810,2016,882.0
8101,2013,882.0
18039,2011,882.0
31153,2015,882.0
25023,2014,881.0
51107,2011,879.0
17097,2016,879.0
19163,2016,879.0
42049,2010,879.0
39119,2012,877.0
42095,2011,877.0
45003,2010,876.0
55141,2014,876.0
6017,2015,875.0
51015,2010,875.0
42085,2012,874.0
12115,2012,874.0
39099,2014,874.0
18097,2011,874.0
36045,2014,874.0
16055,2012,874.0
27131,2013,873.0
17091,2013,873.0
19113,2015,873.0
45051,2013,872.0
37159,2010,872.0
23019,2011,872.0
27141,2013,872.0
26065,2015,871.0
8101,2016,871.0
42021,2012,870.0
47037,2012,870.0
51069,2016,870.0
42037,2013,869.0
16005,2012,869.0
39063,2011,869.0
34029,2014,869.0
44007,2013,868.0
47065,2013,868.0
53035,2014,868.0
28059,2016,868.0
28047,2015,868.0
8101,2015,868.0
39093,2012,866.0
26049,2013,865.0
36075,2010,865.0
12017,2010,865.0
17197,2013,864.0
24015,2014,864.0
48381,2010,863.0
35031,2015,862.0
20045,2011,862.0
13057,2012,861.0
42079,2011,861.0
42005,2015,861.0
12113,2013,860.0
42033,2014,860.0
50007,2011,859.0
18089,2015,859.0
31153,2014,857.0
39095,2011,857.0
13067,2010,857.0
22005,2014,856.0
6017,2010,856.0
39103,2011,856.0
36111,2010,855.0
19193,2014,855.0
33015,2011,855.0
17001,2013,855.0
45051,2014,855.0
9009,2013,855.0
17119,2013,854.0
17097,2012,854.0
42079,2015,854.0
18085,2014,854.0
37097,2010,854.0
12113,2011,853.0
47147,2010,853.0
39055,2012,853.0
39043,2013,853.0
26037,2011,852.0
41017,2010,851.0
55055,2011,851.0
25001,2010,850.0
48309,2011,850.0
17113,2010,850.0
26073,2011,849.0
40031,2016,849.0
55035,2016,848.0
42077,2014,848.0
9013,2011,848.0
39035,2010,846.0
27139,2015,846.0
45075,2012,846.0
37089,2015,845.0
23001,2016,844.0
16005,2013,844.0
39155,2015,842.0
55089,2012,842.0
1117,2016,842.0
27019,2011,842.0
17111,2013,841.0
45019,2014,841.0
34005,2014,841.0
42085,2010,841.0
24025,2014,840.0
36019,2010,840.0
30013,2013,839.0
18163,2013,839.0
34013,2010,839.0
29183,2011,838.0
39095,2016,837.0
9005,2012,837.0
5119,2013,837.0
17115,2012,837.0
36069,2015,837.0
26073,2012,837.0
34027,2011,836.0
12033,2016,836.0
24031,2011,835.0
48181,2011,835.0
20177,2014,834.0
45079,2011,834.0
30013,2016,834.0
36105,2010,834.0
12111,2014,833.0
20015,2011,833.0
25015,2015,833.0
36109,2015,833.0
51107,2012,832.0
51153,2012,832.0
22073,2013,831.0
19049,2015,831.0
36091,2015,830.0
47163,2010,830.0
12031,2016,828.0
29077,2016,828.0
23001,2015,828.0
47011,2013,828.0
37101,2010,827.0
48213,2016,827.0
19103,2013,826.0
35043,2012,826.0
42017,2010,825.0
39081,2013,825.0
18089,2010,825.0
18141,2011,825.0
27019,2013,824.0
37159,2013,823.0
47065,2011,823.0
37157,2016,822.0
26155,2014,822.0
34019,2016,821.0
29047,2015,821.0
5051,2014,821.0
55035,2015,821.0
45019,2013,821.0
12001,2013,820.0
33009,2014,820.0
29099,2015,820.0
48139,2015,820.0
27003,2010,820.0
33011,2012,819.0
47163,2012,819.0
25025,2015,818.0
55101,2012,818.0
29037,2014,817.0
55133,2011,816.0
42043,2011,815.0
27109,2014,815.0
45063,2016,815.0
36061,2010,815.0
37057,2012,815.0
55089,2011,814.0
4015,2010,814.0
26087,2012,813.0
34029,2010,813.0
1003,2015,813.0
37085,2012,812.0
25001,2013,812.0
37001,2014,812.0
53035,2015,812.0
42043,2012,812.0
55089,2015,811.0
19163,2012,811.0
50007,2013,811.0
34035,2016,811.0
22005,2013,810.0
15007,2014,810.0
39153,2010,810.0
13097,2015,810.0
12091,2013,809.0
17001,2012,809.0
5119,2012,809.0
33013,2011,808.0
24015,2011,808.0
1125,2014,808.0
53009,2013,808.0
4005,2012,808.0
37085,2016,806.0
17093,2012,806.0
18081,2012,806.0
46099,2015,805.0
55105,2012,804.0
39113,2016,804.0
44009,2012,803.0
17043,2014,803.0
6075,2013,803.0
45091,2016,803.0
18063,2014,803.0
6061,2016,802.0
27123,2013,802.0
36109,2010,801.0
44007,2015,801.0
39061,2015,801.0
50007,2010,801.0
29019,2014,800.0
36005,2015,800.0
39157,2013,800.0
42069,2013,800.0
45075,2013,800.0
50007,2015,800.0
55133,2014,799.0
55063,2016,799.0
51061,2015,798.0
47009,2016,798.0
18163,2014,798.0
26145,2010,797.0
34033,2014,796.0
1125,2016,796.0
36051,2011,795.0
55035,2014,794.0
29043,2014,794.0
29077,2011,794.0
27013,2016,793.0
34041,2012,793.0
18003,2014,792.0
37085,2014,792.0
6041,2013,791.0
1069,2010,790.0
36009,2013,790.0
5131,2011,789.0
28059,2012,789.0
26087,2016,789.0
50007,2014,789.0
17037,2013,789.0
26145,2013,788.0
39173,2015,788.0
42007,2013,788.0
42069,2014,787.0
28047,2010,787.0
26155,2011,786.0
24037,2015,786.0
37085,2010,786.0
17183,2012,786.0
13067,2013,786.0
45077,2015,785.0
29019,2010,784.0
5085,2010,784.0
1069,2014,784.0
45003,2013,784.0
24015,2012,783.0
47187,2010,783.0
17179,2014,783.0
33009,2010,782.0
26037,2016,782.0
42027,2011,781.0
34025,2015,780.0
26017,2012,780.0
9003,2015,779.0
26121,2012,778.0
20015,2012,778.0
20015,2013,778.0
26145,2016,778.0
37035,2014,777.0
15007,2013,777.0
19155,2010,777.0
51550,2010,777.0
22063,2010,777.0
13121,2012,777.0
13135,2011,776.0
13067,2016,776.0
18095,2013,775.0
47179,2014,775.0
27131,2015,775.0
48361,2013,775.0
17199,2015,775.0
29037,2013,773.0
34015,2015,773.0
25013,2012,773.0
17163,2013,772.0
26049,2015,772.0
18039,2015,772.0
36047,2013,771.0
12009,2010,771.0
28033,2013,771.0
26091,2015,771.0
39023,2011,771.0
42079,2012,770.0
17183,2013,770.0
17001,2015,770.0
12031,2014,769.0
19013,2016,769.0
39085,2010,769.0
39165,2015,769.0
34041,2011,768.0
54011,2014,768.0
18163,2015,768.0
1089,2016,768.0
37001,2011,768.0
54107,2013,768.0
28121,2015,767.0
27019,2015,767.0
51550,2014,766.0
17113,2014,766.0
25009,2015,766.0
24021,2010,766.0
12005,2013,765.0
39041,2010,765.0
36069,2012,764.0
34025,2011,764.0
9013,2016,764.0
48361,2012,763.0
1081,2010,763.0
29077,2012,760.0
47187,2013,759.0
9009,2015,759.0
55059,2014,758.0
12001,2012,757.0
17097,2015,757.0
39023,2016,756.0
55063,2012,756.0
12097,2011,756.0
39133,2015,756.0
45045,2012,756.0
27003,2016,755.0
27163,2010,755.0
39055,2011,755.0
39089,2015,755.0
34029,2011,754.0
39103,2012,753.0
37151,2011,753.0
42089,2014,753.0
25011,2011,753.0
29019,2015,752.0
17183,2010,751.0
29047,2014,751.0
34005,2016,751.0
45045,2010,750.0
45015,2016,750.0
40037,2016,750.0
51107,2014,749.0
21151,2013,749.0
6057,2010,749.0
26115,2011,747.0
18095,2016,747.0
55101,2011,747.0
55131,2016,747.0
26115,2013,747.0
40031,2014,746.0
19013,2013,746.0
5119,2011,746.0
54107,2015,746.0
33005,2014,746.0
26115,2012,745.0
33015,2016,745.0
17043,2012,745.0
12005,2016,745.0
47157,2013,745.0
13045,2015,744.0
40125,2010,744.0
40145,2014,744.0
29047,2013,743.0
20209,2014,743.0
17119,2016,742.0
37063,2010,741.0
39003,2010,740.0
39085,2011,740.0
26049,2012,739.0
55133,2015,739.0
34037,2011,738.0
29095,2015,738.0
28047,2016,738.0
39017,2011,738.0
42027,2016,738.0
28047,2011,737.0
5131,2016,737.0
39109,2011,737.0
26161,2016,737.0
17163,2015,737.0
24033,2015,737.0
29021,2011,736.0
45013,2010,736.0
26115,2014,736.0
34027,2014,736.0
36045,2015,736.0
54003,2011,736.0
4005,2015,735.0
20177,2011,735.0
13067,2015,734.0
47037,2016,733.0
26087,2015,733.0
36105,2011,733.0
37097,2011,733.0
49011,2013,732.0
47187,2016,732.0
47157,2012,732.0
21227,2013,731.0
22063,2013,731.0
21093,2014,731.0
47125,2013,730.0
33011,2013,729.0
51085,2010,729.0
12011,2013,729.0
39093,2013,728.0
9011,2011,728.0
48139,2010,728.0
9003,2016,727.0
27019,2014,727.0
35043,2010,727.0
47065,2015,727.0
33017,2011,727.0
17019,2015,726.0
48257,2016,726.0
6061,2010,726.0
39029,2010,726.0
42069,2015,725.0
27141,2015,725.0
17113,2011,725.0
24003,2010,725.0
39139,2016,723.0
47189,2016,723.0
39139,2015,723.0
24015,2016,722.0
8101,2010,722.0
37081,2010,722.0
1101,2014,722.0
26073,2015,721.0
29047,2012,721.0
39113,2014,721.0
55089,2014,721.0
48231,2014,720.0
42069,2011,720.0
17119,2014,719.0
39045,2011,719.0
17001,2011,717.0
5125,2011,717.0
45007,2010,717.0
13059,2015,716.0
36059,2013,716.0
39089,2011,716.0
18091,2015,716.0
1115,2015,714.0
25011,2014,714.0
40101,2016,714.0
19061,2014,714.0
49057,2010,713.0
42013,2015,713.0
1095,2012,713.0
9011,2015,713.0
19103,2016,713.0
18057,2014,712.0
40037,2011,712.0
39029,2016,712.0
54003,2014,711.0
36001,2013,710.0
47125,2015,709.0
48375,2011,709.0
20045,2013,708.0
55109,2015,708.0
48397,2012,708.0
18163,2016,707.0
36005,2010,707.0
47157,2010,707.0
28081,2015,707.0
26147,2016,707.0
39061,2011,706.0
20103,2015,706.0
36111,2011,706.0
39155,2012,706.0
1103,2014,706.0
39165,2016,705.0
13057,2011,705.0
39155,2016,705.0
10001,2013,705.0
6017,2013,704.0
47187,2015,704.0
27019,2016,704.0
27003,2012,704.0
45083,2014,704.0
29077,2014,704.0
55139,2014,703.0
29071,2012,703.0
26065,2011,702.0
34019,2011,702.0
19103,2012,701.0
47147,2015,700.0
17143,2014,700.0
12109,2014,700.0
34025,2013,699.0
47149,2015,699.0
36007,2013,699.0
26025,2015,698.0
39023,2013,698.0
42037,2012,697.0
45003,2015,697.0
53029,2014,697.0
28033,2015,696.0
47189,2011,696.0
45079,2016,696.0
36053,2010,695.0
34035,2013,695.0
34037,2015,695.0
37147,2011,695.0
47157,2015,694.0
55059,2012,694.0
24510,2014,694.0
48139,2012,694.0
17163,2016,693.0
18085,2011,693.0
36045,2012,693.0
29183,2016,693.0
37155,2011,692.0
25013,2011,692.0
21117,2015,691.0
47147,2013,690.0
29071,2016,690.0
24043,2016,690.0
42045,2012,690.0
47165,2015,689.0
18081,2013,689.0
13245,2013,689.0
45007,2013,688.0
16055,2010,688.0
10001,2016,688.0
36069,2013,688.0
25003,2016,687.0
28047,2012,687.0
27109,2016,687.0
39089,2016,686.0
17037,2011,686.0
1083,2014,685.0
39113,2011,685.0
39085,2015,685.0
1095,2014,684.0
53035,2016,684.0
51059,2014,684.0
26121,2014,684.0
13135,2010,683.0
13067,2012,683.0
44009,2011,683.0
47093,2013,682.0
26093,2014,682.0
34007,2011,682.0
42073,2015,682.0
9011,2014,682.0
36067,2012,682.0
26049,2016,682.0
45091,2010,680.0
36109,2016,680.0
54003,2015,680.0
34025,2016,679.0
45007,2015,679.0
45083,2011,678.0
18157,2013,677.0
48187,2011,677.0
22073,2016,676.0
36053,2011,676.0
33011,2016,676.0
45041,2014,676.0
26021,2015,676.0
12113,2015,676.0
33013,2015,675.0
45079,2013,675.0
33015,2012,675.0
47165,2010,675.0
34037,2010,674.0
1069,2016,674.0
21047,2012,673.0
21227,2015,673.0
48231,2015,673.0
39023,2010,673.0
12031,2010,672.0
55063,2011,672.0
39155,2010,672.0
42085,2016,672.0
40145,2012,672.0
26147,2012,672.0
9009,2016,672.0
36119,2010,671.0
55035,2013,671.0
34027,2013,671.0
24045,2010,670.0
17143,2013,670.0
49011,2010,670.0
51003,2014,669.0
29019,2011,669.0
12113,2010,669.0
45085,2016,668.0
42073,2013,668.0
36069,2016,668.0
39023,2012,668.0
48375,2016,667.0
37085,2013,666.0
29099,2013,666.0
51550,2016,666.0
29510,2012,666.0
36015,2016,665.0
8014,2015,663.0
37071,2016,663.0
10001,2015,663.0
45013,2015,663.0
47125,2011,663.0
34015,2011,663.0
42041,2013,662.0
12109,2010,662.0
33013,2012,662.0
12117,2012,661.0
26073,2016,661.0
29099,2012,661.0
36105,2015,661.0
6075,2011,660.0
25021,2011,660.0
48375,2010,660.0
26155,2016,659.0
34041,2016,658.0
17143,2012,658.0
17183,2015,658.0
17091,2011,658.0
26075,2014,657.0
17201,2015,656.0
34019,2010,655.0
25011,2016,655.0
45015,2011,655.0
39055,2015,655.0
47009,2011,654.0
24031,2013,654.0
34033,2016,654.0
5085,2014,654.0
24045,2015,653.0
17113,2016,653.0
25003,2011,653.0
26147,2014,653.0
16019,2013,653.0
34031,2012,652.0
39155,2013,652.0
29077,2013,652.0
17019,2010,652.0
48181,2015,651.0
47149,2013,651.0
18089,2016,650.0
45085,2014,650.0
36059,2011,650.0
45077,2016,649.0
22005,2012,649.0
50007,2016,649.0
54107,2012,649.0
45013,2016,648.0
49053,2013,648.0
24015,2015,648.0
39057,2014,647.0
5143,2011,647.0
19061,2010,646.0
39103,2015,645.0
19169,2015,645.0
39057,2015,645.0
26025,2010,645.0
19113,2010,645.0
39155,2011,645.0
24025,2010,644.0
39103,2010,644.0
42043,2015,644.0
1077,2013,643.0
37057,2014,643.0
39119,2015,643.0
27141,2016,643.0
39041,2015,642.0
42037,2016,642.0
22063,2016,642.0
49053,2010,642.0
55035,2010,641.0
19113,2011,641.0
12109,2016,641.0
24043,2010,641.0
12061,2011,640.0
18141,2012,640.0
6041,2010,640.0
47189,2012,640.0
36063,2011,639.0
26049,2010,639.0
26155,2012,639.0
24043,2012,639.0
36063,2016,638.0
21093,2012,638.0
29510,2011,637.0
31153,2012,637.0
53035,2010,637.0
42073,2012,636.0
6061,2014,636.0
26155,2013,636.0
18167,2014,636.0
26147,2011,635.0
26093,2013,635.0
16005,2016,635.0
18091,2013,635.0
39089,2012,633.0
34029,2016,633.0
51177,2016,632.0
6075,2012,632.0
44009,2013,632.0
36007,2010,631.0
27139,2010,631.0
26055,2014,631.0
33009,2011,630.0
24013,2014,629.0
13089,2012,629.0
34023,2010,628.0
25015,2016,628.0
18035,2014,625.0
48257,2015,625.0
40125,2013,625.0
4015,2012,625.0
17161,2013,625.0
12109,2012,625.0
47163,2016,625.0
24043,2011,625.0
17201,2014,624.0
51085,2013,624.0
24027,2011,624.0
29037,2015,624.0
18157,2014,623.0
39007,2011,623.0
25025,2012,622.0
33013,2013,621.0
26017,2014,621.0
36083,2012,621.0
42007,2016,621.0
29165,2015,620.0
39007,2015,619.0
39063,2015,618.0
18039,2016,618.0
23011,2010,618.0
36045,2011,618.0
51087,2012,618.0
47037,2013,618.0
37195,2013,617.0
35043,2015,617.0
36063,2015,617.0
28049,2013,617.0
26049,2014,616.0
20177,2010,616.0
37067,2016,616.0
47093,2014,615.0
18039,2010,615.0
34033,2013,615.0
18163,2011,614.0
37109,2016,614.0
47179,2016,614.0
12085,2010,614.0
36009,2016,614.0
47165,2011,613.0
19155,2012,613.0
39157,2010,613.0
39099,2016,613.0
21059,2013,612.0
13063,2010,612.0
37001,2013,611.0
48091,2010,611.0
26045,2014,611.0
13117,2014,611.0
39045,2013,610.0
39113,2015,610.0
18091,2010,610.0
51019,2012,609.0
29043,2015,609.0
26093,2011,609.0
25021,2013,609.0
28059,2013,608.0
18053,2012,608.0
39139,2012,608.0
26147,2015,608.0
34027,2016,607.0
28049,2015,607.0
17115,2013,607.0
36083,2015,607.0
26017,2011,607.0
13185,2011,606.0
6061,2011,605.0
34027,2010,605.0
40131,2011,604.0
36061,2011,604.0
34033,2011,603.0
47163,2014,603.0
18091,2016,603.0
37001,2015,602.0
39089,2010,602.0
26147,2010,601.0
48037,2014,601.0
36001,2012,600.0
34001,2010,600.0
39133,2014,600.0
37151,2013,600.0
36051,2014,599.0
36111,2016,599.0
37051,2015,599.0
25021,2015,598.0
39057,2012,597.0
18063,2013,597.0
13021,2011,597.0
39165,2012,597.0
9013,2014,596.0
18003,2012,596.0
18081,2011,596.0
12053,2011,596.0
37157,2011,595.0
42013,2012,595.0
28089,2010,595.0
18127,2012,595.0
13051,2011,594.0
40145,2010,594.0
12115,2010,594.0
26075,2011,594.0
42025,2016,592.0
18085,2012,592.0
21059,2011,592.0
39153,2015,591.0
12073,2010,591.0
51069,2015,590.0
39139,2010,590.0
16005,2011,590.0
26025,2012,590.0
29051,2015,589.0
37035,2010,589.0
51810,2013,589.0
13117,2015,588.0
21227,2011,588.0
49011,2016,588.0
36007,2014,588.0
12097,2012,587.0
20045,2010,585.0
13057,2014,585.0
26115,2016,585.0
26125,2016,584.0
39101,2010,584.0
21015,2014,583.0
34021,2016,583.0
35043,2016,583.0
39081,2012,583.0
39109,2016,583.0
36087,2011,582.0
12053,2010,582.0
18141,2015,582.0
18105,2012,582.0
13151,2010,582.0
24027,2010,581.0
42007,2012,581.0
28121,2013,580.0
36075,2011,579.0
28033,2014,579.0
18003,2013,579.0
55063,2013,579.0
17201,2016,579.0
34007,2013,578.0
33009,2012,577.0
42077,2013,577.0
24025,2015,577.0
5085,2015,576.0
51059,2016,575.0
39007,2010,575.0
26161,2011,575.0
18109,2013,574.0
29021,2013,574.0
24033,2016,574.0
36009,2014,573.0
4015,2013,573.0
39081,2014,573.0
37159,2016,573.0
34011,2013,573.0
40145,2015,573.0
6057,2014,573.0
29071,2013,572.0
24033,2014,572.0
40131,2010,572.0
26055,2010,572.0
17183,2011,572.0
51177,2013,571.0
37081,2013,571.0
33005,2013,571.0
55059,2010,571.0
34001,2015,571.0
42073,2014,571.0
39041,2014,570.0
1089,2011,570.0
17163,2012,570.0
37063,2014,569.0
22005,2015,569.0
1089,2010,569.0
37127,2010,568.0
26075,2012,568.0
36119,2011,568.0
39093,2010,568.0
20209,2012,568.0
45045,2013,568.0
51087,2015,568.0
34039,2012,568.0
29051,2013,568.0
37119,2011,567.0
25021,2014,567.0
18035,2011,567.0
26055,2015,567.0
34023,2013,566.0
25025,2010,566.0
48037,2012,566.0
4015,2016,566.0
36015,2014,566.0
13015,2014,565.0
25003,2012,565.0
12019,2011,565.0
27123,2016,564.0
1095,2010,564.0
39099,2010,564.0
51085,2016,563.0
26055,2013,563.0
18057,2016,563.0
49053,2014,562.0
29077,2010,562.0
1069,2013,562.0
39061,2016,562.0
21059,2016,562.0
39173,2016,562.0
39173,2012,562.0
42077,2015,560.0
12085,2012,560.0
51177,2014,560.0
13063,2015,559.0
37023,2016,559.0
48209,2010,559.0
12073,2014,558.0
34033,2012,558.0
51550,2013,557.0
27163,2015,557.0
20209,2013,557.0
39085,2013,556.0
26045,2010,555.0
24013,2010,555.0
12109,2015,555.0
37171,2015,555.0
13021,2016,554.0
42097,2016,554.0
5031,2013,554.0
39103,2014,554.0
39041,2016,554.0
29165,2016,553.0
45091,2012,553.0
51510,2013,552.0
37157,2014,552.0
12019,2012,551.0
1103,2012,551.0
55131,2011,551.0
27141,2012,550.0
37019,2012,550.0
34031,2011,550.0
37049,2016,550.0
33013,2016,549.0
37051,2013,549.0
45079,2015,549.0
47165,2014,547.0
44009,2016,547.0
1117,2013,547.0
1101,2011,546.0
39099,2015,546.0
26087,2013,545.0
40145,2011,545.0
36007,2011,545.0
26161,2010,545.0
13095,2012,545.0
39081,2011,544.0
37097,2015,544.0
18105,2016,544.0
47149,2010,544.0
45079,2010,543.0
17143,2011,543.0
36061,2014,543.0
51153,2014,543.0
17115,2016,543.0
29037,2012,543.0
39165,2014,542.0
34003,2014,542.0
37171,2013,542.0
12097,2016,541.0
13117,2016,540.0
39081,2010,540.0
1077,2016,539.0
26121,2015,539.0
12005,2012,539.0
34003,2016,539.0
42081,2010,538.0
26115,2010,537.0
51041,2010,537.0
24017,2015,536.0
1101,2010,535.0
36063,2013,534.0
26065,2014,534.0
25003,2013,534.0
53029,2015,534.0
36065,2012,534.0
36015,2013,533.0
12053,2014,533.0
9007,2016,532.0
37067,2014,532.0
36091,2011,531.0
37081,2014,531.0
29051,2010,531.0
18105,2014,531.0
13245,2015,531.0
29097,2013,530.0
29071,2010,530.0
37049,2010,530.0
48231,2013,530.0
42025,2013,530.0
21145,2011,529.0
44007,2012,528.0
39095,2010,528.0
33005,2015,528.0
11001,2016,528.0
51041,2012,527.0
36019,2012,527.0
34019,2014,527.0
37057,2015,527.0
33017,2016,526.0
12117,2011,525.0
36087,2012,525.0
24037,2011,525.0
1101,2012,524.0
36005,2016,524.0
25021,2016,523.0
34029,2015,523.0
48375,2012,523.0
37019,2013,522.0
39119,2010,522.0
34021,2014,522.0
34013,2016,522.0
48397,2010,521.0
18039,2013,521.0
39085,2012,520.0
39109,2013,520.0
40101,2014,520.0
18167,2013,520.0
29031,2012,520.0
48231,2011,519.0
18091,2014,519.0
39045,2015,519.0
6041,2014,518.0
21151,2014,518.0
29165,2012,518.0
29019,2012,518.0
12005,2014,517.0
48231,2016,517.0
24025,2011,516.0
37019,2016,516.0
39057,2011,516.0
45085,2012,516.0
26025,2014,516.0
36053,2015,516.0
36059,2012,515.0
21151,2011,515.0
39003,2012,514.0
12015,2013,514.0
39025,2013,512.0
23001,2013,512.0
45077,2010,512.0
39099,2011,511.0
1015,2012,511.0
26045,2016,511.0
37067,2012,510.0
34013,2013,510.0
37071,2011,510.0
37081,2012,510.0
13059,2011,510.0
29043,2016,509.0
28121,2014,509.0
37101,2014,509.0
42007,2011,508.0
6057,2015,508.0
39063,2014,508.0
1015,2014,508.0
37067,2013,507.0
24510,2011,507.0
13223,2013,506.0
1117,2012,506.0
24037,2016,506.0
48037,2015,505.0
39153,2014,505.0
39113,2012,505.0
13077,2012,503.0
18035,2010,502.0
29037,2016,502.0
31153,2011,502.0
39081,2016,501.0
42037,2010,501.0
9011,2013,501.0
39017,2013,500.0
27139,2013,500.0
13135,2012,499.0
13223,2010,499.0
45041,2016,498.0
54011,2010,498.0
18127,2013,498.0
34005,2012,498.0
18177,2011,498.0
18035,2015,497.0
48231,2012,496.0
24015,2010,496.0
29510,2013,496.0
51800,2014,495.0
8101,2012,495.0
1103,2010,495.0
17199,2014,495.0
4015,2015,494.0
39113,2013,493.0
12009,2013,492.0
39133,2012,492.0
47125,2012,492.0
37031,2016,491.0
42073,2010,491.0
37025,2014,491.0
54003,2012,490.0
36001,2010,490.0
18097,2016,490.0
34037,2014,490.0
34041,2014,489.0
29021,2010,489.0
12073,2012,488.0
33013,2010,487.0
29165,2010,486.0
12001,2011,486.0
28033,2010,485.0
21093,2013,485.0
29097,2015,484.0
13051,2010,483.0
24003,2015,483.0
34009,2016,482.0
18003,2016,482.0
21093,2015,482.0
39025,2012,481.0
1055,2015,481.0
29037,2010,480.0
47009,2014,480.0
47187,2014,480.0
34031,2016,480.0
31153,2010,479.0
29099,2014,479.0
39023,2015,479.0
18167,2016,478.0
12073,2013,477.0
29047,2016,477.0
39003,2014,477.0
36093,2013,477.0
47165,2016,476.0
26025,2016,475.0
12115,2015,474.0
37031,2015,473.0
27141,2010,473.0
34007,2010,473.0
47165,2013,472.0
39139,2011,471.0
55139,2016,471.0
25003,2015,470.0
47009,2013,470.0
51087,2014,470.0
21117,2011,470.0
26017,2013,470.0
47009,2010,470.0
36015,2015,470.0
36113,2010,469.0
25025,2013,469.0
34019,2012,469.0
29510,2016,469.0
13013,2016,469.0
40101,2012,469.0
26045,2012,468.0
18095,2015,468.0
51810,2010,467.0
33017,2012,467.0
21227,2016,466.0
1101,2015,466.0
54003,2016,466.0
17161,2015,466.0
25001,2014,465.0
12085,2011,465.0
13045,2012,465.0
42073,2011,465.0
53035,2011,465.0
9013,2010,464.0
34023,2015,464.0
24027,2013,464.0
55059,2016,464.0
12015,2016,464.0
39041,2013,464.0
48027,2011,462.0
17201,2010,462.0
12117,2015,462.0
12091,2011,462.0
17115,2014,461.0
20177,2012,461.0
29031,2011,461.0
18081,2016,461.0
26055,2012,461.0
24510,2016,460.0
47147,2012,460.0
33017,2015,460.0
29165,2014,460.0
51177,2012,460.0
37025,2015,459.0
34027,2012,459.0
12053,2013,459.0
37045,2013,458.0
34029,2013,458.0
12009,2014,458.0
39045,2016,457.0
55063,2015,457.0
1115,2016,457.0
51013,2016,456.0
45091,2015,456.0
51740,2015,456.0
45013,2013,456.0
47157,2016,456.0
18067,2015,456.0
34041,2010,455.0
39003,2011,454.0
21093,2016,453.0
12091,2016,453.0
21227,2012,453.0
48257,2013,453.0
23031,2016,452.0
13063,2011,451.0
55139,2011,450.0
36119,2015,450.0
21029,2015,449.0
48257,2014,449.0
18127,2010,449.0
47179,2013,449.0
34003,2011,448.0
39043,2010,448.0
39119,2011,448.0
13185,2013,447.0
47093,2012,447.0
12115,2011,447.0
34003,2015,447.0
37071,2014,447.0
18019,2011,447.0
37179,2011,446.0
13021,2014,446.0
37071,2013,445.0
39045,2010,445.0
51153,2013,445.0
39007,2013,445.0
5045,2016,445.0
37063,2016,444.0
17001,2014,444.0
45013,2012,444.0
51041,2014,443.0
13051,2013,443.0
39043,2016,442.0
35049,2013,442.0
51041,2016,442.0
39017,2012,441.0
51019,2015,441.0
29047,2011,440.0
37031,2012,440.0
37133,2014,439.0
37133,2010,439.0
27139,2012,438.0
26155,2015,437.0
37045,2014,436.0
13117,2012,436.0
13153,2011,436.0
21037,2010,435.0
39153,2011,435.0
37097,2013,435.0
36001,2011,435.0
47011,2014,435.0
28033,2011,434.0
17143,2010,434.0
42089,2013,434.0
51085,2012,434.0
26099,2010,433.0
24037,2010,433.0
18095,2011,433.0
36087,2014,433.0
13051,2014,432.0
36083,2016,432.0
12073,2015,432.0
42037,2015,431.0
29051,2012,431.0
44009,2015,431.0
21037,2016,430.0
28059,2015,430.0
39043,2012,430.0
26017,2015,430.0
42069,2012,429.0
24009,2013,429.0
33017,2014,429.0
51087,2013,429.0
51810,2011,429.0
37159,2014,429.0
37119,2010,429.0
13057,2013,429.0
33005,2010,428.0
34039,2011,428.0
29099,2011,428.0
34009,2010,428.0
51041,2011,427.0
28089,2014,427.0
37135,2013,427.0
47113,2010,427.0
28089,2011,427.0
37159,2015,427.0
39023,2014,427.0
1081,2015,427.0
20209,2016,426.0
13051,2015,426.0
39055,2016,425.0
25025,2016,425.0
29099,2016,424.0
33005,2012,424.0
13153,2014,423.0
37051,2012,423.0
12091,2010,423.0
9007,2010,423.0
27163,2012,423.0
28121,2010,422.0
39003,2015,422.0
13115,2015,422.0
34025,2014,422.0
13021,2012,422.0
34033,2010,421.0
47119,2010,421.0
12053,2016,421.0
37195,2015,420.0
37063,2013,420.0
54011,2011,420.0
28089,2016,420.0
21037,2015,420.0
18095,2012,420.0
39133,2011,420.0
42045,2013,419.0
24009,2012,419.0
34035,2010,419.0
17093,2010,419.0
18177,2016,418.0
18157,2011,418.0
37129,2015,418.0
51550,2012,418.0
37045,2016,418.0
26121,2011,417.0
28033,2016,415.0
12117,2013,415.0
26121,2016,414.0
48257,2011,414.0
1055,2014,414.0
42085,2011,414.0
12033,2010,414.0
21227,2010,413.0
40101,2013,413.0
12073,2016,413.0
18091,2012,412.0
39141,2015,412.0
13297,2013,412.0
12017,2016,412.0
51760,2013,412.0
36061,2012,411.0
37051,2016,411.0
13153,2010,410.0
1015,2015,409.0
29165,2011,409.0
12019,2013,409.0
13185,2015,408.0
24003,2016,408.0
37147,2014,408.0
1069,2012,408.0
28047,2014,408.0
36079,2014,407.0
13089,2016,407.0
1077,2012,406.0
12001,2014,405.0
51650,2014,405.0
36119,2012,405.0
51041,2015,404.0
42077,2010,403.0
29165,2013,403.0
37135,2015,403.0
51019,2016,403.0
39155,2014,403.0
54107,2010,402.0
55063,2010,402.0
26111,2014,402.0
26161,2012,402.0
37049,2015,401.0
5125,2012,401.0
25015,2013,401.0
37067,2010,401.0
34001,2012,401.0
25003,2010,400.0
18177,2012,400.0
24009,2016,400.0
34015,2010,400.0
18177,2013,400.0
54107,2014,398.0
20177,2013,398.0
26093,2015,398.0
26075,2013,398.0
39095,2015,397.0
39139,2013,397.0
42069,2010,396.0
36007,2016,396.0
51019,2011,396.0
21015,2010,396.0
19013,2010,395.0
55089,2010,395.0
18141,2013,395.0
28049,2012,395.0
18141,2010,394.0
13135,2015,393.0
18057,2013,393.0
24015,2013,392.0
24510,2013,392.0
36075,2015,392.0
47125,2014,391.0
29031,2015,391.0
39003,2016,391.0
20103,2014,390.0
42037,2011,390.0
13089,2013,389.0
45083,2016,387.0
34015,2012,387.0
45035,2014,387.0
20045,2012,386.0
1115,2010,385.0
25025,2014,385.0
45041,2010,385.0
18063,2012,385.0
48037,2011,385.0
29021,2016,384.0
39109,2014,384.0
45077,2014,383.0
34009,2015,383.0
29021,2015,383.0
34035,2012,382.0
39025,2011,382.0
9007,2014,381.0
9007,2015,381.0
12015,2014,380.0
18019,2012,379.0
45083,2012,379.0
37023,2015,379.0
1069,2011,377.0
51177,2010,376.0
9015,2011,376.0
47189,2013,376.0
37057,2013,376.0
36007,2012,375.0
45007,2012,375.0
13051,2016,375.0
34035,2011,375.0
34013,2012,374.0
36019,2014,374.0
1081,2016,373.0
47163,2015,373.0
51085,2014,370.0
42043,2013,370.0
37109,2014,369.0
47113,2011,369.0
17143,2016,368.0
36083,2013,368.0
26017,2010,368.0
39025,2010,367.0
34003,2012,367.0
13021,2015,366.0
34023,2016,366.0
21015,2012,366.0
18035,2013,365.0
18105,2010,365.0
17119,2011,365.0
20045,2016,364.0
12097,2013,364.0
39045,2014,364.0
26111,2010,364.0
39173,2011,363.0
44003,2012,362.0
20177,2016,362.0
36091,2010,361.0
36093,2014,361.0
9007,2012,361.0
17037,2010,360.0
5051,2012,360.0
13223,2015,358.0
51710,2010,358.0
37071,2015,356.0
13021,2010,355.0
36075,2014,354.0
18177,2014,353.0
39025,2014,353.0
12085,2013,353.0
23001,2010,352.0
9013,2012,352.0
24001,2011,352.0
42089,2016,352.0
17161,2014,351.0
12109,2013,350.0
55089,2013,349.0
18127,2016,348.0
39145,2016,348.0
47113,2014,348.0
47011,2011,347.0
13245,2010,347.0
37025,2013,347.0
13245,2011,347.0
20015,2016,346.0
34009,2012,346.0
39007,2012,346.0
13051,2012,346.0
34027,2015,345.0
42007,2010,345.0
13117,2013,345.0
18167,2015,343.0
24027,2016,343.0
9007,2013,343.0
27141,2014,342.0
24025,2016,340.0
42069,2016,340.0
9011,2010,339.0
26045,2011,339.0
48181,2016,338.0
36079,2013,338.0
51179,2010,338.0
48361,2016,338.0
42089,2011,337.0
36083,2010,337.0
34017,2013,337.0
12091,2014,337.0
1015,2010,337.0
47037,2015,337.0
13089,2010,336.0
47179,2015,336.0
48209,2012,335.0
22005,2011,334.0
37051,2011,334.0
29021,2014,334.0
13057,2010,334.0
29043,2012,333.0
18053,2013,333.0
37135,2016,333.0
13045,2011,332.0
26155,2010,332.0
21117,2014,332.0
18163,2012,331.0
51013,2013,331.0
47113,2015,331.0
36105,2012,331.0
13297,2015,331.0
13095,2015,330.0
13013,2015,330.0
24045,2013,329.0
18063,2015,329.0
51069,2014,329.0
26075,2016,328.0
51650,2013,327.0
18063,2011,327.0
1081,2013,327.0
12073,2011,326.0
42095,2014,326.0
47009,2015,324.0
39113,2010,324.0
25015,2010,324.0
53035,2012,323.0
47065,2010,323.0
37109,2010,323.0
26045,2013,323.0
51680,2014,322.0
24001,2015,322.0
39103,2016,322.0
5119,2016,322.0
45007,2014,322.0
44005,2016,321.0
37035,2013,321.0
45041,2015,320.0
12019,2016,320.0
47149,2014,320.0
17091,2015,319.0
13117,2010,319.0
34031,2014,318.0
47009,2012,318.0
37067,2011,318.0
36045,2010,317.0
12005,2010,317.0
17163,2011,316.0
34021,2015,315.0
26075,2010,313.0
44005,2014,313.0
21151,2012,313.0
29031,2014,313.0
13013,2014,312.0
47187,2012,312.0
21029,2016,312.0
13063,2013,312.0
34039,2013,311.0
12097,2015,311.0
20177,2015,309.0
26111,2011,308.0
26045,2015,308.0
37035,2016,307.0
28121,2012,307.0
39057,2013,306.0
1077,2014,306.0
18141,2016,305.0
18141,2014,305.0
24037,2014,305.0
26111,2013,305.0
18167,2010,304.0
54011,2013,304.0
24025,2013,304.0
37129,2013,302.0
36083,2011,302.0
1081,2012,301.0
13089,2015,299.0
24045,2012,299.0
13297,2016,299.0
22005,2010,298.0
44007,2010,297.0
13073,2015,297.0
47011,2016,296.0
36075,2012,296.0
45041,2012,296.0
29099,2010,295.0
44003,2016,294.0
37025,2016,294.0
12005,2011,294.0
45077,2012,294.0
1101,2013,294.0
45035,2016,293.0
37045,2012,293.0
53029,2016,293.0
39173,2010,293.0
13127,2015,292.0
51153,2015,292.0
34017,2016,291.0
13021,2013,291.0
51161,2015,290.0
39025,2016,289.0
29031,2010,289.0
12091,2015,289.0
45035,2013,288.0
45015,2013,288.0
24027,2015,288.0
53029,2011,288.0
21015,2016,287.0
26093,2016,287.0
36001,2014,287.0
51087,2016,286.0
25011,2013,285.0
47189,2015,285.0
51770,2014,283.0
37109,2015,283.0
45035,2015,283.0
12091,2012,283.0
51550,2011,283.0
45091,2011,283.0
35049,2011,283.0
55089,2016,282.0
24001,2012,282.0
13115,2016,282.0
21015,2011,282.0
5125,2010,281.0
18043,2016,281.0
12019,2015,280.0
36005,2013,280.0
45083,2013,280.0
1055,2012,279.0
51760,2011,279.0
51069,2013,279.0
13073,2010,279.0
34007,2015,279.0
18081,2015,278.0
39085,2014,278.0
34007,2014,278.0
18019,2015,278.0
12015,2015,277.0
11001,2013,277.0
29047,2010,277.0
12019,2010,276.0
37019,2010,276.0
39165,2011,275.0
13151,2016,275.0
51550,2015,275.0
36061,2016,274.0
20209,2010,274.0
51179,2015,274.0
1117,2014,273.0
51650,2016,273.0
36085,2015,272.0
24510,2015,272.0
47149,2011,272.0
1103,2016,271.0
13063,2016,271.0
34021,2012,270.0
24510,2010,270.0
20209,2015,270.0
26055,2016,270.0
24017,2014,269.0
1121,2012,269.0
39109,2012,268.0
34015,2013,268.0
42037,2014,268.0
45015,2014,268.0
34007,2012,268.0
39041,2012,268.0
45035,2010,268.0
13151,2012,268.0
13045,2010,267.0
45091,2014,267.0
13063,2012,265.0
13115,2014,265.0
24037,2012,265.0
36061,2015,264.0
45085,2010,264.0
36113,2016,263.0
37085,2011,263.0
47065,2014,263.0
12015,2012,263.0
25021,2010,262.0
40031,2011,262.0
47065,2016,260.0
51085,2011,259.0
13097,2014,259.0
18063,2016,259.0
39041,2011,259.0
34013,2014,258.0
34009,2014,258.0
51177,2015,258.0
21029,2013,256.0
47189,2010,256.0
26111,2012,255.0
37035,2011,255.0
28081,2016,254.0
51760,2014,252.0
48257,2010,252.0
8014,2016,252.0
26111,2015,251.0
13217,2010,251.0
37129,2016,251.0
21015,2015,250.0
24510,2012,249.0
37129,2012,249.0
13097,2013,247.0
36093,2012,246.0
37063,2012,246.0
18167,2011,246.0
51800,2016,245.0
13063,2014,244.0
34037,2013,244.0
18105,2015,243.0
5125,2015,243.0
29021,2012,243.0
51153,2011,242.0
24001,2014,242.0
45015,2012,242.0
21117,2013,242.0
37035,2015,241.0
39141,2014,241.0
45019,2016,239.0
9015,2016,238.0
13077,2013,237.0
39165,2010,237.0
39057,2016,236.0
44003,2010,236.0
51153,2016,236.0
34001,2013,234.0
1015,2011,233.0
21117,2016,233.0
13245,2014,232.0
51760,2015,232.0
13245,2016,231.0
34007,2016,231.0
54107,2016,230.0
26017,2016,230.0
37025,2010,228.0
18127,2015,228.0
21037,2011,227.0
51740,2013,227.0
13113,2012,224.0
51650,2012,222.0
34039,2016,222.0
39109,2010,222.0
36113,2013,221.0
34009,2013,220.0
51700,2012,220.0
18043,2012,219.0
51800,2015,218.0
51019,2010,218.0
13297,2010,218.0
33005,2016,218.0
18167,2012,217.0
34035,2014,216.0
36001,2016,216.0
18019,2014,216.0
51161,2010,216.0
51710,2012,216.0
51650,2015,215.0
54107,2011,215.0
13297,2014,215.0
37035,2012,215.0
25025,2011,215.0
18035,2016,214.0
51003,2015,214.0
37109,2013,213.0
12035,2014,213.0
33005,2011,212.0
33009,2016,212.0
5125,2014,211.0
39165,2013,210.0
11001,2014,210.0
39133,2010,209.0
13151,2013,208.0
11001,2012,208.0
51013,2015,207.0
42095,2010,207.0
13073,2016,206.0
39109,2015,206.0
23001,2014,204.0
20045,2014,202.0
13115,2011,202.0
13057,2016,201.0
51019,2014,201.0
37157,2015,201.0
36087,2016,200.0
51760,2016,198.0
13067,2014,198.0
36085,2010,198.0
51650,2010,197.0
12109,2011,197.0
24027,2012,197.0
21151,2016,197.0
13223,2014,196.0
13215,2015,196.0
1055,2013,195.0
11001,2015,195.0
37157,2013,195.0
13077,2015,194.0
40101,2015,194.0
18105,2011,192.0
39003,2013,191.0
44003,2014,190.0
51179,2013,190.0
34039,2014,190.0
29510,2010,190.0
51700,2016,189.0
24003,2011,189.0
19163,2014,189.0
24017,2013,187.0
51179,2012,186.0
21117,2012,185.0
36083,2014,184.0
37129,2011,184.0
13215,2016,184.0
18081,2014,183.0
54003,2013,182.0
21037,2013,181.0
34001,2014,181.0
21151,2010,180.0
36093,2010,180.0
36085,2016,180.0
51770,2016,179.0
13095,2011,178.0
37057,2010,178.0
1055,2016,177.0
45085,2013,177.0
34039,2010,177.0
21029,2010,177.0
1103,2013,176.0
51179,2011,175.0
11001,2010,174.0
18019,2016,174.0
29043,2010,172.0
45015,2015,171.0
51710,2013,171.0
37129,2010,171.0
34017,2014,170.0
51510,2014,170.0
45035,2011,169.0
13015,2011,169.0
34001,2016,168.0
34017,2012,167.0
28033,2012,167.0
18019,2010,165.0
47119,2016,164.0
51510,2016,162.0
47119,2015,161.0
44003,2011,161.0
39139,2014,160.0
45007,2011,159.0
36087,2013,159.0
45077,2013,158.0
13077,2016,158.0
34013,2015,157.0
39043,2011,156.0
1103,2015,155.0
37025,2011,154.0
12053,2012,154.0
13153,2015,151.0
36087,2015,150.0
37133,2015,150.0
34017,2015,149.0
51710,2014,147.0
18127,2014,146.0
18067,2013,146.0
51710,2015,145.0
24017,2011,145.0
36079,2011,145.0
47165,2012,144.0
51161,2012,144.0
36113,2014,144.0
29510,2014,143.0
18019,2013,143.0
13215,2013,142.0
44005,2012,142.0
36085,2013,141.0
51770,2013,141.0
21117,2010,140.0
13077,2010,140.0
24017,2012,139.0
39025,2015,138.0
1083,2015,138.0
51800,2012,138.0
21037,2014,138.0
1055,2011,137.0
18043,2013,137.0
18035,2012,136.0
21185,2016,136.0
51650,2011,135.0
18109,2012,135.0
47113,2012,134.0
13215,2010,134.0
36005,2014,133.0
13113,2015,133.0
34031,2013,132.0
44009,2010,131.0
37135,2012,129.0
51013,2011,128.0
47125,2016,128.0
51013,2010,128.0
51710,2016,127.0
13113,2011,126.0
51161,2013,125.0
47125,2010,125.0
1015,2013,124.0
47179,2010,124.0
34017,2011,122.0
18063,2010,121.0
36093,2015,121.0
51179,2014,121.0
13073,2013,119.0
51740,2011,118.0
36105,2014,118.0
18043,2010,117.0
34039,2015,117.0
37129,2014,116.0
13185,2012,116.0
45077,2011,115.0
21029,2014,115.0
51740,2010,115.0
39055,2010,115.0
33017,2013,115.0
13013,2013,114.0
37071,2012,114.0
24009,2015,114.0
13247,2011,113.0
47001,2012,111.0
13153,2012,110.0
18043,2014,109.0
11001,2011,108.0
13073,2014,107.0
34031,2010,106.0
36113,2012,105.0
13113,2010,105.0
21037,2012,104.0
36079,2016,103.0
51700,2011,102.0
45035,2012,100.0
13215,2012,99.0
24043,2015,98.0
24017,2010,97.0
13313,2014,97.0
37071,2010,96.0
13077,2014,94.0
34013,2011,94.0
34023,2014,94.0
13215,2011,93.0
51700,2015,93.0
44003,2013,92.0
36087,2010,92.0
18105,2013,91.0
39061,2010,90.0
28081,2012,89.0
51770,2012,89.0
34017,2010,88.0
13113,2013,87.0
13217,2013,86.0
51013,2014,85.0
26111,2016,83.0
51700,2013,83.0
13151,2011,82.0
51760,2010,81.0
51710,2011,78.0
51510,2012,78.0
47011,2015,78.0
21015,2013,78.0
24009,2014,78.0
13113,2016,77.0
51510,2015,76.0
36079,2012,73.0
18043,2015,73.0
51087,2010,72.0
13113,2014,71.0
9007,2011,70.0
18109,2015,69.0
51760,2012,64.0
45015,2010,64.0
36085,2014,63.0
47179,2012,62.0
47189,2014,62.0
13151,2014,60.0
34031,2015,59.0
51161,2011,59.0
51013,2012,56.0
5125,2016,56.0
13223,2016,54.0
44003,2015,54.0
13097,2011,53.0
24009,2010,52.0
51161,2016,51.0
13097,2012,50.0
13151,2015,50.0
54003,2010,48.0
13215,2014,48.0
13247,2013,47.0
18127,2011,47.0
51740,2016,46.0
12015,2010,46.0
36093,2016,45.0
12019,2014,45.0
1101,2016,44.0
51179,2016,43.0
13115,2010,43.0
51700,2014,42.0
47119,2013,41.0
51087,2011,41.0
13245,2012,36.0
36079,2015,34.0
36093,2011,30.0
21111,2010,21.0
51740,2012,21.0
47155,2012,19.0
24009,2011,16.0
13073,2012,11.0
13013,2012,10.0
24017,2016,6.0
28081,2010,0.0
28075,2010,0.0
47141,2014,0.0
18005,2013,0.0
45073,2011,0.0
17199,2013,0.0
51121,2015,0.0
45059,2011,0.0
45057,2011,0.0
48291,2016,0.0
12119,2016,0.0
45047,2011,0.0
12089,2015,0.0
17093,2013,0.0
48347,2016,0.0
12055,2010,0.0
44005,2013,0.0
1127,2010,0.0
13247,2015,0.0
28067,2010,0.0
4001,2010,0.0
13285,2015,0.0
20161,2013,0.0
12089,2010,0.0
51177,2011,0.0
35005,2013,0.0
4001,2016,0.0
13217,2015,0.0
6115,2012,0.0
35035,2013,0.0
47141,2011,0.0
37125,2014,0.0
37125,2013,0.0
48099,2016,0.0
47147,2011,0.0
13313,2015,0.0
1083,2016,0.0
47119,2011,0.0
12087,2010,0.0
20103,2013,0.0
47059,2011,0.0
35031,2013,0.0
37195,2014,0.0
45075,2011,0.0
28035,2010,0.0
18059,2015,0.0
51510,2011,0.0
45085,2011,0.0
18059,2013,0.0
12107,2015,0.0
1127,2016,0.0
37193,2014,0.0
47001,2011,0.0
51199,2011,0.0
51199,2015,0.0
48203,2016,0.0
1115,2012,0.0
35061,2013,0.0
16083,2013,0.0
18005,2015,0.0
12017,2012,0.0
1051,2010,0.0
1055,2010,0.0
12119,2013,0.0
1049,2012,0.0
1049,2016,0.0
1051,2012,0.0
48021,2014,0.0
6033,2016,0.0
18053,2015,0.0
13015,2013,0.0
13059,2016,0.0
53007,2011,0.0
35061,2010,0.0
39063,2013,0.0
13031,2013,0.0
13047,2013,0.0
35031,2010,0.0
53021,2011,0.0
5145,2016,0.0
1049,2010,0.0
28081,2014,0.0
47001,2014,0.0
36079,2010,0.0
12089,2013,0.0
41003,2016,0.0
13097,2016,0.0
28035,2014,0.0
41033,2016,0.0
13095,2016,0.0
12023,2012,0.0
48471,2016,0.0
41035,2016,0.0
28067,2014,0.0
1043,2010,0.0
12107,2013,0.0
41053,2016,0.0
28075,2014,0.0
53027,2011,0.0
12089,2014,0.0
35005,2010,0.0
1083,2010,0.0
51770,2011,0.0
45013,2011,0.0
13285,2013,0.0
13295,2013,0.0
13313,2013,0.0
39043,2014,0.0
29187,2014,0.0
45031,2011,0.0
39101,2013,0.0
4017,2010,0.0
36109,2014,0.0
1121,2010,0.0
30049,2014,0.0
12023,2010,0.0
47059,2014,0.0
29187,2010,0.0
51680,2011,0.0
12035,2010,0.0
37161,2013,0.0
13179,2013,0.0
51095,2015,0.0
13153,2013,0.0
12087,2014,0.0
48397,2016,0.0
13047,2016,0.0
13045,2016,0.0
5069,2012,0.0
1121,2016,0.0
13031,2016,0.0
29051,2014,0.0
13095,2013,0.0
17093,2015,0.0
13015,2016,0.0
13115,2013,0.0
51800,2011,0.0
44005,2011,0.0
12131,2016,0.0
13127,2013,0.0
37193,2013,0.0
47155,2011,0.0
12119,2015,0.0
12107,2016,0.0
6045,2016,0.0
48471,2014,0.0
47059,2016,0.0
48361,2011,0.0
20015,2015,0.0
6033,2012,0.0
51069,2011,0.0
48397,2014,0.0
35005,2014,0.0
51061,2011,0.0
41003,2013,0.0
48361,2014,0.0
18177,2010,0.0
48397,2011,0.0
37161,2014,0.0
6057,2016,0.0
48409,2011,0.0
13247,2010,0.0
48347,2014,0.0
18109,2010,0.0
20015,2010,0.0
20161,2015,0.0
48347,2011,0.0
54011,2015,0.0
21093,2010,0.0
6033,2010,0.0
51095,2016,0.0
47001,2016,0.0
53027,2015,0.0
21047,2010,0.0
48291,2011,0.0
37023,2014,0.0
13127,2010,0.0
51121,2016,0.0
48005,2016,0.0
54061,2015,0.0
37023,2013,0.0
54081,2015,0.0
6045,2012,0.0
6045,2010,0.0
20161,2010,0.0
20103,2010,0.0
12023,2014,0.0
35031,2014,0.0
39145,2013,0.0
6115,2014,0.0
18177,2015,0.0
41035,2013,0.0
17199,2010,0.0
28035,2013,0.0
13295,2015,0.0
41033,2013,0.0
35061,2014,0.0
28067,2013,0.0
47155,2016,0.0
51003,2011,0.0
29043,2013,0.0
28075,2013,0.0
28081,2013,0.0
28089,2013,0.0
48203,2014,0.0
12017,2014,0.0
6115,2016,0.0
47141,2016,0.0
18005,2010,0.0
16005,2010,0.0
36109,2013,0.0
18067,2010,0.0
48291,2014,0.0
41053,2013,0.0
13285,2010,0.0
51680,2016,0.0
18085,2010,0.0
13295,2010,0.0
35035,2014,0.0
13313,2010,0.0
48005,2014,0.0
5145,2012,0.0
5051,2016,0.0
18059,2010,0.0
51199,2016,0.0
47113,2016,0.0
18053,2010,0.0
13179,2015,0.0
29187,2013,0.0
48471,2011,0.0
54033,2011,0.0
21145,2010,0.0
13097,2010,0.0
5051,2010,0.0
37037,2014,0.0
2090,2012,0.0
22097,2013,0.0
13013,2010,0.0
13015,2010,0.0
21195,2015,0.0
51121,2011,0.0
21151,2015,0.0
21145,2015,0.0
51015,2016,0.0
51770,2015,0.0
47119,2014,0.0
13031,2010,0.0
6115,2010,0.0
48099,2014,0.0
5069,2010,0.0
37049,2013,0.0
21047,2015,0.0
48021,2011,0.0
13015,2015,0.0
12089,2016,0.0
48037,2016,0.0
47155,2014,0.0
1127,2012,0.0
54081,2016,0.0
51680,2015,0.0
51003,2016,0.0
1051,2016,0.0
12107,2010,0.0
21047,2013,0.0
21145,2013,0.0
48005,2011,0.0
21195,2013,0.0
47179,2011,0.0
49053,2011,0.0
47147,2014,0.0
40119,2013,0.0
22045,2013,0.0
22105,2015,0.0
12119,2010,0.0
51015,2014,0.0
24001,2013,0.0
21195,2010,0.0
5069,2016,0.0
51095,2011,0.0
36105,2013,0.0
53021,2015,0.0
45073,2016,0.0
39141,2013,0.0
45075,2016,0.0
53025,2015,0.0
13047,2015,0.0
22045,2010,0.0
45059,2016,0.0
4003,2012,0.0
48203,2011,0.0
48209,2011,0.0
53027,2016,0.0
48021,2016,0.0
37027,2014,0.0
53007,2016,0.0
12023,2016,0.0
22097,2010,0.0
6101,2010,0.0
13059,2010,0.0
53007,2015,0.0
48091,2011,0.0
48099,2011,0.0
12055,2014,0.0
12061,2016,0.0
54081,2011,0.0
13031,2015,0.0
24001,2010,0.0
37037,2013,0.0
45031,2016,0.0
4001,2012,0.0
24037,2013,0.0
12055,2016,0.0
54011,2016,0.0
12035,2016,0.0
53009,2015,0.0
45047,2016,0.0
45057,2016,0.0
5145,2010,0.0
37027,2013,0.0
41035,2010,0.0
12087,2013,0.0
12055,2011,0.0
37161,2012,0.0
12023,2011,0.0
18005,2016,0.0
37193,2012,0.0
12017,2011,0.0
12015,2011,0.0
37195,2012,0.0
13179,2014,0.0
39145,2015,0.0
48005,2015,0.0
17199,2016,0.0
18005,2012,0.0
17199,2012,0.0
48021,2015,0.0
13127,2014,0.0
45073,2014,0.0
51680,2013,0.0
5145,2014,0.0
20161,2014,0.0
6115,2011,0.0
39101,2012,0.0
39141,2012,0.0
6101,2011,0.0
39145,2012,0.0
51199,2013,0.0
12035,2011,0.0
37157,2012,0.0
48099,2015,0.0
51800,2013,0.0
35005,2011,0.0
13077,2011,0.0
37023,2012,0.0
35025,2011,0.0
53029,2013,0.0
37027,2012,0.0
35031,2011,0.0
35035,2011,0.0
13031,2011,0.0
13013,2011,0.0
18059,2012,0.0
12119,2011,0.0
37037,2012,0.0
35061,2011,0.0
37049,2012,0.0
12107,2011,0.0
53027,2013,0.0
53025,2013,0.0
53021,2013,0.0
53015,2013,0.0
12089,2011,0.0
12087,2011,0.0
5069,2014,0.0
37125,2012,0.0
13185,2014,0.0
39101,2015,0.0
28035,2016,0.0
45031,2012,0.0
30049,2016,0.0
48203,2015,0.0
4017,2011,0.0
45075,2014,0.0
4003,2011,0.0
4001,2011,0.0
37161,2015,0.0
51003,2013,0.0
48213,2015,0.0
1127,2011,0.0
1121,2011,0.0
21145,2014,0.0
1115,2011,0.0
1127,2015,0.0
4001,2015,0.0
21195,2014,0.0
36113,2011,0.0
1083,2011,0.0
1077,2011,0.0
48291,2015,0.0
51161,2014,0.0
1051,2011,0.0
1043,2011,0.0
48347,2015,0.0
37019,2011,0.0
37023,2011,0.0
13095,2014,0.0
37193,2015,0.0
39081,2015,0.0
5031,2011,0.0
41033,2012,0.0
28067,2016,0.0
28075,2016,0.0
41035,2012,0.0
6057,2011,0.0
51121,2013,0.0
36085,2011,0.0
21047,2014,0.0
29031,2016,0.0
41053,2012,0.0
6033,2011,0.0
39043,2015,0.0
1121,2015,0.0
29051,2016,0.0
51095,2013,0.0
51199,2014,0.0
42025,2012,0.0
5145,2011,0.0
39009,2015,0.0
51019,2013,0.0
51015,2013,0.0
5085,2011,0.0
5069,2011,0.0
5051,2011,0.0
29187,2016,0.0
13117,2011,0.0
24045,2016,0.0
13127,2011,0.0
1043,2014,0.0
47059,2015,0.0
28035,2011,0.0
21047,2016,0.0
28059,2011,0.0
28035,2012,0.0
28067,2011,0.0
21145,2016,0.0
28067,2012,0.0
22005,2016,0.0
28075,2012,0.0
28075,2011,0.0
22045,2016,0.0
28089,2012,0.0
28081,2011,0.0
13247,2014,0.0
21195,2011,0.0
22045,2012,0.0
54081,2014,0.0
21093,2011,0.0
29187,2012,0.0
21047,2011,0.0
21029,2011,0.0
29043,2011,0.0
29051,2011,0.0
42025,2015,0.0
13285,2014,0.0
1049,2014,0.0
18053,2016,0.0
27141,2011,0.0
45059,2015,0.0
53025,2014,0.0
45073,2015,0.0
53021,2014,0.0
45057,2014,0.0
45031,2014,0.0
20103,2016,0.0
45057,2015,0.0
20161,2016,0.0
4001,2014,0.0
1127,2014,0.0
1121,2014,0.0
17093,2014,0.0
45047,2015,0.0
45075,2015,0.0
1115,2014,0.0
53007,2014,0.0
45059,2014,0.0
45085,2015,0.0
47001,2015,0.0
53027,2014,0.0
45031,2015,0.0
13295,2014,0.0
1051,2014,0.0
44005,2015,0.0
47141,2015,0.0
20161,2011,0.0
20103,2011,0.0
18005,2014,0.0
18067,2016,0.0
1043,2015,0.0
1049,2015,0.0
13217,2014,0.0
1051,2015,0.0
18109,2014,0.0
41053,2015,0.0
17093,2011,0.0
18059,2016,0.0
19049,2012,0.0
41033,2015,0.0
36085,2012,0.0
16083,2011,0.0
41003,2015,0.0
1077,2015,0.0
15007,2011,0.0
36109,2012,0.0
13313,2011,0.0
13297,2011,0.0
13295,2011,0.0
13285,2011,0.0
13223,2011,0.0
13217,2011,0.0
18067,2012,0.0
13179,2011,0.0
20103,2012,0.0
17199,2011,0.0
18067,2014,0.0
35025,2012,0.0
21195,2012,0.0
29187,2011,0.0
18053,2014,0.0
18109,2016,0.0
21145,2012,0.0
18059,2014,0.0
19049,2011,0.0
30029,2011,0.0
51740,2014,0.0
18109,2011,0.0
35005,2012,0.0
35031,2012,0.0
24001,2016,0.0
35035,2012,0.0
35061,2012,0.0
18067,2011,0.0
21029,2012,0.0
18059,2011,0.0
47155,2015,0.0
18053,2011,0.0
18043,2011,0.0
18085,2016,0.0
54081,2013,0.0
18005,2011,0.0
4003,2015,0.0
22045,2014,0.0
42025,2011,0.0
48005,2013,0.0
12107,2012,0.0
6033,2014,0.0
39063,2016,0.0
45047,2014,0.0
41033,2010,0.0
39141,2011,0.0
39145,2011,0.0
47155,2013,0.0
1049,2013,0.0
1051,2013,0.0
51095,2014,0.0
48471,2015,0.0
39101,2016,0.0
40101,2010,0.0
12119,2014,0.0
12089,2012,0.0
1115,2013,0.0
1121,2013,0.0
40101,2011,0.0
1127,2013,0.0
39101,2014,0.0
39145,2010,0.0
39141,2010,0.0
15007,2016,0.0
2090,2013,0.0
48361,2015,0.0
12119,2012,0.0
13313,2016,0.0
39101,2011,0.0
53007,2012,0.0
36019,2015,0.0
13031,2014,0.0
37193,2016,0.0
37195,2016,0.0
13059,2012,0.0
53029,2012,0.0
13047,2012,0.0
13031,2012,0.0
48099,2013,0.0
13015,2012,0.0
12023,2015,0.0
12035,2015,0.0
39009,2016,0.0
35061,2015,0.0
48037,2013,0.0
54011,2012,0.0
35035,2015,0.0
42025,2010,0.0
54081,2012,0.0
35005,2015,0.0
12055,2015,0.0
51121,2014,0.0
12061,2015,0.0
48021,2013,0.0
40119,2011,0.0
4001,2013,0.0
37027,2011,0.0
41033,2011,0.0
6115,2013,0.0
41035,2011,0.0
37135,2010,0.0
13217,2016,0.0
37125,2010,0.0
37089,2010,0.0
45073,2013,0.0
13179,2016,0.0
13153,2016,0.0
45059,2013,0.0
45057,2013,0.0
12055,2012,0.0
45047,2013,0.0
37031,2010,0.0
37027,2010,0.0
37023,2010,0.0
12107,2014,0.0
12017,2013,0.0
13127,2016,0.0
12023,2013,0.0
12035,2012,0.0
45031,2013,0.0
12035,2013,0.0
12055,2013,0.0
51015,2015,0.0
37157,2010,0.0
37161,2010,0.0
47141,2013,0.0
37171,2010,0.0
47113,2013,0.0
30049,2015,0.0
5051,2013,0.0
5069,2013,0.0
39063,2010,0.0
5125,2013,0.0
47059,2013,0.0
12087,2012,0.0
6045,2014,0.0
5145,2013,0.0
29187,2015,0.0
6033,2013,0.0
41003,2011,0.0
6045,2013,0.0
13295,2016,0.0
13285,2016,0.0
6057,2013,0.0
28089,2015,0.0
28075,2015,0.0
39141,2016,0.0
13247,2016,0.0
28067,2015,0.0
37193,2010,0.0
28035,2015,0.0
47001,2013,0.0
48203,2013,0.0
37161,2016,0.0
44005,2010,0.0
53007,2010,0.0
47141,2012,0.0
51800,2010,0.0
51770,2010,0.0
51700,2010,0.0
51680,2010,0.0
5051,2015,0.0
51510,2010,0.0
51199,2010,0.0
13295,2012,0.0
37109,2011,0.0
40119,2014,0.0
51121,2010,0.0
51095,2010,0.0
13285,2012,0.0
37125,2011,0.0
48005,2012,0.0
51003,2010,0.0
48021,2012,0.0
5069,2015,0.0
13247,2012,0.0
48397,2013,0.0
5145,2015,0.0
48099,2012,0.0
37133,2011,0.0
48471,2010,0.0
47119,2012,0.0
53009,2010,0.0
13045,2014,0.0
53021,2010,0.0
37031,2011,0.0
45047,2012,0.0
37125,2015,0.0
45057,2012,0.0
45059,2012,0.0
45073,2012,0.0
42025,2014,0.0
37045,2011,0.0
37049,2011,0.0
13313,2012,0.0
54081,2010,0.0
35005,2016,0.0
35025,2016,0.0
54033,2010,0.0
13297,2012,0.0
35031,2016,0.0
35035,2016,0.0
47011,2012,0.0
41053,2014,0.0
41033,2014,0.0
35061,2016,0.0
47059,2012,0.0
48471,2013,0.0
53029,2010,0.0
53027,2010,0.0
37045,2015,0.0
36105,2016,0.0
48409,2010,0.0
37037,2015,0.0
48005,2010,0.0
51003,2012,0.0
51015,2012,0.0
51069,2012,0.0
47155,2010,0.0
17093,2016,0.0
51095,2012,0.0
47141,2010,0.0
13127,2012,0.0
51121,2012,0.0
13047,2014,0.0
47059,2010,0.0
13115,2012,0.0
47011,2010,0.0
47001,2010,0.0
37125,2016,0.0
51199,2012,0.0
39145,2014,0.0
45075,2010,0.0
45073,2010,0.0
45059,2010,0.0
45057,2010,0.0
45047,2010,0.0
51680,2012,0.0
45031,2010,0.0
48021,2010,0.0
48291,2013,0.0
48037,2010,0.0
48213,2010,0.0
37027,2015,0.0
37135,2011,0.0
48361,2010,0.0
48203,2012,0.0
37019,2015,0.0
13223,2012,0.0
48291,2012,0.0
13217,2012,0.0
37027,2016,0.0
48231,2010,0.0
36113,2015,0.0
6033,2015,0.0
48471,2012,0.0
48203,2010,0.0
48347,2013,0.0
37037,2016,0.0
13059,2014,0.0
48347,2012,0.0
37161,2011,0.0
37171,2011,0.0
13179,2012,0.0
48099,2010,0.0
37193,2011,0.0
6115,2015,0.0
20161,2012,0.0
