6037,2016,224206.0
6037,2014,209789.0
6037,2015,206647.0
6037,2013,206017.0
6037,2012,198984.0
6037,2010,188861.0
6037,2011,187682.0
17031,2014,61643.0
36061,2014,59240.0
36061,2015,57900.0
17031,2010,57227.0
17031,2012,56780.0
36061,2012,56260.0
36047,2016,55855.0
36061,2013,55822.0
17031,2011,55378.0
36061,2011,55172.0
17031,2016,54347.0
17031,2015,54240.0
36061,2016,53443.0
17031,2013,52652.0
36061,2010,52409.0
36047,2015,52283.0
6085,2014,50013.0
36047,2014,49681.0
36047,2013,48706.0
6085,2016,47618.0
6085,2015,46197.0
53033,2014,44765.0
36047,2012,43808.0
6085,2013,42068.0
53033,2013,41322.0
36047,2011,41057.0
36047,2010,41019.0
4013,2016,40737.0
4013,2015,40300.0
53033,2016,39365.0
53033,2015,38429.0
53033,2011,37343.0
6073,2015,36522.0
6073,2014,36095.0
6059,2013,34450.0
4013,2013,34383.0
4013,2010,34315.0
4013,2012,34234.0
53033,2012,34186.0
6059,2012,33951.0
6073,2012,33832.0
6073,2013,33779.0
48113,2015,33309.0
4013,2014,33065.0
4013,2011,33023.0
6085,2012,32998.0
6059,2015,32910.0
6075,2015,32749.0
6073,2016,32453.0
36081,2016,31486.0
6059,2016,31182.0
36081,2013,31160.0
6059,2014,31113.0
6075,2014,30990.0
36081,2014,30905.0
6085,2010,30861.0
6001,2016,30037.0
48113,2011,30031.0
48201,2013,29940.0
6001,2015,29816.0
6059,2010,29325.0
25017,2014,29219.0
6059,2011,29070.0
6073,2010,29014.0
25017,2015,28804.0
48201,2015,28776.0
48201,2012,28700.0
6073,2011,28585.0
36081,2015,28220.0
6085,2011,28192.0
48113,2014,28024.0
53033,2010,28013.0
6075,2016,27987.0
48113,2013,27782.0
48201,2014,27436.0
48113,2010,27332.0
48113,2016,27319.0
12086,2014,27248.0
36081,2010,27119.0
48201,2016,26801.0
12086,2010,26799.0
6001,2014,26613.0
25017,2010,26612.0
12086,2015,26607.0
25017,2013,26282.0
25017,2016,26122.0
12086,2013,25927.0
36081,2011,25800.0
36081,2012,25624.0
6075,2013,25619.0
48201,2010,25551.0
48113,2012,24904.0
6075,2012,24667.0
48201,2011,24313.0
12086,2016,23941.0
12086,2011,23731.0
12011,2015,23085.0
36059,2015,22996.0
12086,2012,22785.0
6001,2012,22626.0
12011,2014,22610.0
6001,2013,22424.0
12011,2013,21993.0
13121,2013,21926.0
48085,2016,21726.0
36103,2015,21485.0
6001,2011,21455.0
48453,2016,21401.0
6001,2010,21330.0
36059,2013,21222.0
13121,2010,21163.0
13121,2014,21049.0
25017,2011,21049.0
12011,2016,21017.0
48439,2010,21003.0
12011,2011,20916.0
13121,2016,20869.0
36103,2010,20802.0
36059,2016,20207.0
48453,2015,19990.0
36059,2011,19949.0
36103,2016,19748.0
36103,2014,19514.0
13121,2015,19433.0
6081,2016,19381.0
36059,2012,19378.0
36103,2011,19345.0
25017,2012,19219.0
48439,2015,19209.0
6075,2011,19170.0
48439,2012,19112.0
48439,2014,19010.0
48453,2014,18918.0
51059,2014,18908.0
37183,2015,18882.0
51059,2013,18806.0
51059,2011,18795.0
6081,2014,18768.0
12011,2012,18707.0
36103,2012,18702.0
51059,2010,18673.0
36059,2014,18653.0
48085,2014,18646.0
48439,2016,18444.0
36103,2013,18097.0
48453,2013,18086.0
6075,2010,17971.0
13121,2011,17802.0
12011,2010,17711.0
24031,2012,17633.0
32003,2016,17534.0
48085,2011,17374.0
39049,2011,17345.0
13121,2012,17323.0
51059,2016,17177.0
37183,2016,17157.0
48029,2015,17107.0
51059,2012,17062.0
39049,2014,17056.0
36119,2014,16978.0
48439,2013,16946.0
48085,2010,16902.0
48029,2010,16812.0
48085,2015,16730.0
32003,2014,16717.0
48029,2014,16572.0
12057,2013,16549.0
34003,2015,16516.0
36059,2010,16473.0
37119,2015,16417.0
6081,2015,16347.0
24031,2010,16346.0
6013,2010,16307.0
48029,2016,16302.0
27053,2014,16280.0
51059,2015,16254.0
48085,2012,16251.0
34003,2010,16169.0
48439,2011,16167.0
6013,2014,16065.0
24031,2016,16027.0
32003,2013,16012.0
24031,2011,15943.0
12095,2015,15811.0
34003,2012,15772.0
34003,2013,15634.0
48453,2012,15579.0
32003,2011,15492.0
13067,2015,15441.0
37183,2014,15439.0
48085,2013,15402.0
6067,2013,15390.0
12057,2014,15279.0
13135,2014,15270.0
13135,2013,15252.0
6013,2016,15247.0
48029,2013,15228.0
48029,2012,15207.0
36119,2015,15124.0
11001,2015,14995.0
13067,2013,14983.0
6065,2010,14982.0
6065,2013,14972.0
48453,2011,14954.0
12057,2015,14913.0
34003,2014,14897.0
13089,2015,14897.0
34003,2011,14893.0
12057,2010,14863.0
36119,2012,14863.0
12057,2016,14725.0
39049,2013,14692.0
32003,2010,14636.0
12095,2012,14621.0
12057,2012,14606.0
39049,2016,14596.0
36119,2013,14563.0
37119,2016,14513.0
34003,2016,14460.0
12095,2014,14440.0
27053,2012,14440.0
49035,2014,14438.0
6065,2011,14412.0
13067,2014,14408.0
11001,2012,14367.0
24031,2015,14325.0
12095,2011,14306.0
24031,2013,14297.0
49035,2012,14223.0
27053,2013,14188.0
42101,2016,14141.0
36119,2010,14139.0
6065,2012,14108.0
37119,2013,14002.0
6013,2011,13989.0
48121,2016,13984.0
26125,2014,13977.0
48121,2014,13975.0
27053,2016,13969.0
6065,2016,13967.0
13089,2014,13941.0
6067,2011,13937.0
20091,2011,13935.0
26163,2013,13897.0
49035,2016,13885.0
32003,2012,13868.0
39049,2015,13864.0
12095,2013,13855.0
6013,2013,13852.0
9001,2014,13833.0
37183,2012,13823.0
36119,2011,13808.0
49035,2013,13785.0
42101,2012,13776.0
37183,2013,13720.0
13089,2016,13719.0
6013,2015,13612.0
42003,2014,13597.0
32003,2015,13581.0
11001,2014,13566.0
37119,2014,13545.0
36119,2016,13544.0
12099,2010,13419.0
9001,2010,13382.0
27053,2015,13336.0
6065,2014,13305.0
29189,2010,13292.0
8005,2014,13291.0
13135,2015,13288.0
39049,2012,13275.0
34023,2011,13258.0
27053,2010,13225.0
13067,2012,13221.0
17043,2014,13206.0
13135,2016,13191.0
42003,2010,13125.0
6065,2015,13108.0
9001,2015,13077.0
9001,2012,13059.0
34025,2010,13058.0
8031,2015,13035.0
34025,2015,13021.0
26125,2015,13009.0
6081,2012,12991.0
13135,2010,12982.0
34023,2014,12980.0
24031,2014,12979.0
8031,2016,12973.0
42003,2012,12972.0
48029,2011,12968.0
17043,2012,12938.0
8005,2015,12938.0
11001,2011,12933.0
20091,2012,12929.0
12099,2012,12912.0
12057,2011,12910.0
17043,2015,12823.0
34017,2016,12800.0
34023,2015,12798.0
13089,2011,12783.0
6067,2014,12775.0
8005,2011,12772.0
12099,2016,12765.0
48453,2010,12758.0
13135,2011,12754.0
26125,2012,12745.0
37119,2012,12741.0
20091,2013,12732.0
26163,2014,12726.0
47037,2016,12715.0
6081,2013,12713.0
9001,2011,12706.0
27053,2011,12620.0
42101,2015,12580.0
29189,2013,12577.0
11001,2016,12562.0
6067,2016,12557.0
9001,2016,12531.0
34023,2010,12486.0
6013,2012,12483.0
17043,2010,12483.0
13067,2010,12480.0
12099,2015,12471.0
49035,2010,12455.0
26125,2016,12433.0
17043,2016,12402.0
39049,2010,12388.0
34023,2012,12367.0
12099,2013,12361.0
37119,2011,12358.0
13135,2012,12349.0
26163,2011,12314.0
6067,2010,12303.0
49035,2015,12301.0
39035,2013,12300.0
13067,2016,12238.0
37183,2011,12233.0
8031,2014,12186.0
6071,2011,12148.0
42003,2016,12124.0
20091,2010,12121.0
48121,2015,12114.0
37119,2010,12104.0
13089,2010,12088.0
17043,2011,12086.0
8031,2013,12074.0
17043,2013,12058.0
12095,2010,12054.0
6067,2015,12053.0
8005,2016,12053.0
42003,2015,12039.0
9001,2013,12006.0
34013,2016,11995.0
6071,2013,11988.0
13067,2011,11966.0
26163,2016,11966.0
48121,2010,11957.0
34017,2015,11955.0
29189,2012,11927.0
24033,2011,11881.0
42101,2013,11876.0
34013,2010,11875.0
13089,2013,11873.0
20091,2015,11848.0
26163,2010,11845.0
8005,2010,11832.0
26125,2010,11829.0
29189,2016,11798.0
34025,2013,11792.0
42101,2011,11763.0
34013,2015,11750.0
11001,2010,11748.0
42003,2011,11721.0
34025,2016,11629.0
34025,2011,11617.0
12099,2014,11615.0
47037,2014,11605.0
48121,2011,11526.0
47037,2013,11516.0
6071,2010,11514.0
37183,2010,11500.0
13089,2012,11437.0
42101,2010,11409.0
42003,2013,11409.0
24033,2016,11403.0
26125,2013,11376.0
6071,2015,11375.0
42101,2014,11362.0
8031,2010,11353.0
26125,2011,11351.0
29189,2014,11333.0
6111,2011,11316.0
34025,2014,11299.0
25021,2014,11280.0
8005,2012,11258.0
6071,2016,11246.0
47037,2012,11241.0
26163,2015,11232.0
36005,2012,11221.0
8031,2012,11178.0
9003,2010,11177.0
29189,2011,11153.0
9003,2014,11134.0
21111,2010,11131.0
39035,2014,11100.0
26163,2012,11062.0
34023,2013,11043.0
8005,2013,11033.0
34013,2014,11021.0
41051,2016,10997.0
25025,2010,10944.0
39035,2015,10920.0
34017,2010,10909.0
8059,2014,10893.0
34017,2014,10881.0
6067,2012,10880.0
36005,2014,10838.0
49035,2011,10834.0
53061,2016,10814.0
8059,2015,10791.0
11001,2013,10770.0
34027,2013,10757.0
12099,2011,10754.0
42091,2014,10729.0
39035,2010,10726.0
36055,2014,10722.0
39035,2016,10702.0
29189,2015,10672.0
6111,2015,10652.0
24033,2012,10641.0
8035,2014,10611.0
6111,2014,10574.0
6081,2010,10566.0
36005,2010,10524.0
34013,2011,10518.0
42091,2015,10516.0
9003,2012,10500.0
39035,2012,10481.0
55025,2014,10464.0
34023,2016,10462.0
6071,2012,10451.0
6071,2014,10435.0
24033,2013,10432.0
48121,2013,10425.0
12095,2016,10388.0
34027,2010,10352.0
36005,2015,10334.0
39035,2011,10307.0
53061,2010,10277.0
9009,2012,10251.0
41051,2010,10247.0
25025,2014,10215.0
34017,2013,10195.0
25009,2010,10194.0
34017,2011,10189.0
42091,2013,10184.0
6111,2013,10166.0
9003,2015,10139.0
8031,2011,10127.0
9009,2010,10124.0
9009,2016,10100.0
34017,2012,10061.0
29095,2013,10056.0
25025,2015,9923.0
6111,2010,9869.0
49049,2016,9864.0
18097,2015,9862.0
24033,2010,9807.0
24005,2015,9787.0
41051,2015,9763.0
20091,2016,9721.0
40143,2010,9696.0
25021,2016,9684.0
36005,2011,9678.0
24033,2014,9658.0
8059,2013,9654.0
36005,2016,9633.0
6081,2011,9630.0
34013,2013,9626.0
36005,2013,9620.0
29095,2016,9598.0
36055,2015,9598.0
29095,2010,9531.0
34027,2014,9519.0
25009,2015,9514.0
6111,2012,9507.0
25025,2012,9500.0
34027,2015,9491.0
34013,2012,9490.0
9009,2015,9469.0
9009,2014,9459.0
12103,2013,9450.0
9003,2016,9447.0
25021,2015,9445.0
47037,2015,9442.0
8035,2010,9439.0
8035,2016,9439.0
24005,2010,9435.0
47037,2010,9415.0
55079,2012,9393.0
25009,2016,9387.0
55079,2011,9344.0
18097,2014,9341.0
20091,2014,9333.0
41051,2013,9323.0
34027,2016,9322.0
48141,2010,9301.0
8041,2014,9288.0
12103,2014,9283.0
55079,2010,9236.0
25009,2014,9215.0
42091,2010,9183.0
25021,2010,9177.0
21111,2014,9164.0
40143,2012,9159.0
25021,2012,9144.0
48121,2012,9126.0
25027,2016,9119.0
36055,2013,9080.0
51107,2011,9073.0
41051,2014,9068.0
24033,2015,9060.0
53061,2013,9055.0
55025,2013,9036.0
34025,2012,9003.0
8059,2010,8999.0
25027,2014,8981.0
25009,2013,8976.0
25025,2016,8973.0
51107,2015,8955.0
9009,2013,8951.0
8041,2013,8935.0
8035,2011,8918.0
34027,2012,8915.0
12031,2014,8914.0
42091,2016,8896.0
42091,2011,8889.0
40109,2010,8872.0
9009,2011,8800.0
47037,2011,8799.0
40143,2016,8790.0
8035,2015,8773.0
53061,2015,8766.0
53061,2014,8758.0
9003,2011,8723.0
12117,2014,8707.0
8041,2011,8706.0
40143,2014,8661.0
12103,2015,8627.0
36055,2016,8601.0
36055,2012,8585.0
55079,2013,8562.0
49049,2015,8559.0
41051,2012,8501.0
29095,2011,8485.0
25025,2011,8446.0
36055,2010,8427.0
55025,2015,8412.0
15003,2015,8406.0
34027,2011,8405.0
21111,2012,8390.0
34039,2014,8389.0
25021,2011,8373.0
8041,2016,8372.0
24005,2011,8357.0
25021,2013,8338.0
29095,2014,8317.0
6111,2016,8311.0
1073,2010,8309.0
51107,2013,8295.0
53061,2012,8293.0
55025,2016,8293.0
40143,2015,8269.0
40143,2013,8253.0
15003,2013,8249.0
42091,2012,8249.0
41051,2011,8244.0
34035,2016,8228.0
34035,2014,8198.0
31055,2011,8193.0
1073,2016,8179.0
12103,2010,8175.0
40143,2011,8161.0
42017,2014,8121.0
21111,2016,8025.0
17197,2014,7992.0
47157,2013,7970.0
25025,2013,7961.0
40109,2013,7949.0
24005,2016,7921.0
51107,2016,7917.0
34035,2012,7900.0
12103,2012,7895.0
8001,2013,7887.0
55079,2016,7861.0
9003,2013,7847.0
18097,2011,7839.0
12103,2016,7817.0
8035,2012,7810.0
26099,2014,7807.0
8059,2012,7804.0
12031,2010,7790.0
25027,2011,7764.0
15003,2014,7752.0
4019,2014,7739.0
55079,2015,7733.0
4019,2010,7694.0
8041,2015,7691.0
12103,2011,7688.0
25027,2013,7682.0
8035,2013,7678.0
24005,2014,7677.0
17097,2012,7675.0
42017,2011,7663.0
25027,2012,7637.0
8059,2016,7635.0
55025,2011,7625.0
51107,2010,7608.0
49049,2014,7588.0
47157,2015,7549.0
47157,2012,7547.0
12031,2015,7525.0
27123,2012,7490.0
36029,2011,7480.0
51107,2014,7477.0
39061,2013,7450.0
29095,2015,7450.0
25009,2011,7437.0
12117,2016,7430.0
15003,2012,7427.0
15003,2010,7424.0
41067,2016,7423.0
5119,2016,7416.0
31055,2010,7410.0
5119,2011,7399.0
34039,2010,7394.0
15003,2011,7369.0
25027,2010,7357.0
8059,2011,7349.0
36029,2015,7335.0
47093,2014,7327.0
25027,2015,7326.0
12031,2013,7314.0
36029,2014,7308.0
36029,2010,7287.0
8041,2012,7273.0
25009,2012,7268.0
29095,2012,7265.0
17097,2014,7257.0
15003,2016,7235.0
31055,2012,7231.0
18097,2010,7224.0
34039,2011,7217.0
39061,2012,7187.0
8001,2015,7174.0
8041,2010,7168.0
36029,2013,7162.0
18097,2013,7154.0
17097,2016,7109.0
39061,2010,7108.0
34035,2011,7102.0
31055,2013,7101.0
47093,2011,7041.0
36055,2011,7034.0
27037,2014,7022.0
17197,2015,6992.0
8001,2014,6989.0
40109,2011,6970.0
18097,2016,6950.0
41067,2013,6950.0
12117,2011,6936.0
21111,2011,6927.0
49049,2013,6893.0
26099,2013,6891.0
4019,2012,6884.0
48491,2015,6883.0
17097,2013,6857.0
10003,2011,6847.0
45045,2015,6841.0
48157,2016,6836.0
34035,2015,6830.0
35001,2010,6814.0
40109,2015,6794.0
34039,2016,6790.0
1073,2015,6767.0
41067,2015,6766.0
8013,2012,6743.0
42029,2014,6736.0
34039,2013,6707.0
17097,2010,6706.0
34029,2012,6690.0
42017,2010,6685.0
1073,2013,6671.0
24005,2012,6668.0
31055,2014,6661.0
31055,2015,6657.0
21111,2015,6656.0
33011,2014,6634.0
35001,2011,6628.0
17197,2010,6617.0
24003,2012,6609.0
48141,2014,6603.0
17197,2013,6595.0
51107,2012,6564.0
55025,2012,6563.0
39061,2016,6560.0
39061,2015,6508.0
24005,2013,6497.0
47157,2010,6493.0
53061,2011,6489.0
39061,2014,6476.0
42017,2015,6469.0
4019,2011,6458.0
1073,2012,6454.0
48491,2012,6451.0
39061,2011,6446.0
53053,2013,6436.0
12117,2012,6420.0
27123,2013,6419.0
24003,2011,6418.0
39113,2010,6414.0
42017,2016,6403.0
36029,2016,6402.0
4019,2016,6394.0
34029,2011,6394.0
34035,2010,6392.0
17197,2012,6385.0
35001,2016,6382.0
4019,2015,6372.0
34007,2012,6365.0
48491,2016,6333.0
42029,2013,6324.0
27123,2011,6321.0
35001,2013,6314.0
48141,2016,6306.0
42017,2013,6287.0
8013,2016,6283.0
36029,2012,6276.0
24003,2010,6267.0
27123,2010,6262.0
42045,2013,6261.0
26099,2012,6259.0
16001,2014,6244.0
12117,2010,6242.0
34039,2015,6241.0
53053,2014,6239.0
41067,2014,6235.0
40109,2014,6231.0
55079,2014,6231.0
53053,2010,6231.0
53053,2015,6223.0
26081,2016,6219.0
18097,2012,6200.0
35001,2015,6179.0
42045,2010,6174.0
39113,2011,6170.0
12117,2015,6168.0
12031,2012,6165.0
12101,2011,6151.0
49049,2012,6140.0
35001,2014,6136.0
6041,2013,6131.0
12031,2016,6128.0
26099,2010,6125.0
42045,2011,6116.0
17089,2013,6111.0
45019,2014,6098.0
1073,2011,6097.0
48141,2013,6086.0
12071,2016,6072.0
17089,2015,6064.0
27037,2013,6061.0
47157,2016,6057.0
42029,2015,6014.0
27037,2016,6008.0
8013,2015,5997.0
53053,2012,5990.0
1073,2014,5987.0
12071,2014,5981.0
34031,2016,5974.0
27037,2011,5973.0
24510,2013,5972.0
42045,2015,5961.0
24003,2016,5960.0
24003,2013,5955.0
48157,2013,5947.0
31055,2016,5921.0
24510,2010,5919.0
5119,2013,5915.0
24003,2015,5912.0
19153,2013,5905.0
5119,2014,5905.0
42029,2012,5893.0
4019,2013,5883.0
36085,2013,5873.0
42045,2016,5857.0
42017,2012,5855.0
27123,2016,5846.0
34029,2013,5843.0
44007,2010,5827.0
41067,2012,5824.0
48491,2014,5823.0
34005,2016,5817.0
34031,2010,5816.0
6019,2014,5813.0
29183,2013,5799.0
8001,2012,5795.0
27123,2015,5781.0
8001,2016,5778.0
34039,2012,5763.0
17197,2011,5751.0
47157,2014,5751.0
48141,2011,5740.0
6077,2012,5729.0
6097,2016,5722.0
12117,2013,5718.0
40109,2012,5708.0
34029,2010,5708.0
21111,2013,5705.0
26099,2011,5703.0
29183,2015,5702.0
8001,2011,5701.0
36085,2010,5690.0
8001,2010,5678.0
33011,2015,5660.0
27037,2010,5657.0
6019,2015,5656.0
34029,2014,5654.0
47149,2011,5648.0
48215,2016,5647.0
42029,2016,5647.0
48141,2015,5644.0
34005,2014,5638.0
39113,2016,5636.0
16001,2013,5627.0
55025,2010,5618.0
42045,2012,5614.0
17197,2016,5603.0
19153,2012,5590.0
26099,2016,5578.0
19153,2011,5574.0
8013,2014,5544.0
36085,2014,5538.0
13057,2015,5532.0
24510,2011,5525.0
29183,2016,5505.0
40109,2016,5503.0
37081,2011,5499.0
17097,2011,5492.0
51153,2011,5487.0
47093,2012,5485.0
49049,2010,5476.0
34005,2015,5475.0
27037,2012,5468.0
45019,2016,5461.0
44007,2015,5459.0
19153,2010,5450.0
24003,2014,5447.0
34031,2015,5433.0
26081,2010,5422.0
26081,2014,5409.0
34035,2013,5407.0
51013,2014,5404.0
6041,2015,5394.0
34029,2016,5388.0
25023,2011,5386.0
8013,2013,5379.0
24510,2015,5379.0
36085,2015,5376.0
33011,2013,5352.0
51810,2011,5342.0
24510,2014,5337.0
25023,2012,5322.0
8013,2011,5304.0
44007,2016,5287.0
29183,2014,5285.0
5119,2015,5282.0
39153,2013,5274.0
24510,2016,5264.0
33011,2016,5256.0
39153,2015,5255.0
17089,2014,5253.0
13117,2015,5219.0
6097,2010,5209.0
34031,2011,5202.0
47093,2015,5200.0
36067,2015,5198.0
53053,2011,5193.0
6019,2011,5186.0
51810,2013,5183.0
17089,2010,5175.0
12071,2015,5171.0
20173,2014,5166.0
25023,2014,5165.0
17089,2011,5164.0
34021,2014,5155.0
24027,2014,5155.0
51153,2016,5147.0
53053,2016,5147.0
48491,2011,5139.0
39153,2014,5132.0
36067,2010,5126.0
6019,2016,5123.0
13117,2014,5122.0
22033,2011,5119.0
42029,2011,5118.0
27037,2015,5114.0
19153,2014,5112.0
39113,2014,5110.0
47157,2011,5102.0
18003,2016,5102.0
39153,2016,5094.0
51013,2016,5086.0
18057,2016,5081.0
20173,2015,5080.0
36067,2013,5064.0
1089,2014,5048.0
6097,2015,5044.0
25023,2015,5039.0
47093,2016,5035.0
48215,2013,5034.0
42077,2010,5031.0
18057,2013,5029.0
26081,2012,5022.0
48141,2012,5020.0
6077,2010,5011.0
12101,2012,5005.0
35001,2012,5002.0
33011,2011,4997.0
12009,2014,4992.0
44007,2014,4981.0
44007,2012,4980.0
26081,2015,4980.0
47093,2010,4973.0
36071,2016,4972.0
26099,2015,4970.0
6083,2015,4963.0
12031,2011,4962.0
41067,2010,4955.0
25005,2012,4951.0
51153,2012,4946.0
12101,2015,4945.0
6041,2011,4943.0
36067,2016,4942.0
51013,2013,4932.0
33015,2012,4927.0
19153,2015,4924.0
19153,2016,4923.0
10003,2012,4920.0
48491,2013,4911.0
6019,2012,4910.0
36087,2011,4908.0
36085,2016,4903.0
6097,2014,4900.0
25023,2010,4894.0
45079,2013,4887.0
16001,2015,4887.0
51810,2015,4880.0
51153,2014,4873.0
39113,2013,4859.0
36071,2011,4846.0
45079,2014,4846.0
34007,2016,4841.0
17089,2012,4835.0
37081,2014,4833.0
6077,2015,4828.0
29510,2010,4825.0
1089,2012,4822.0
25005,2013,4820.0
34007,2011,4816.0
1089,2011,4814.0
8013,2010,4814.0
25023,2016,4812.0
34031,2013,4809.0
26081,2013,4809.0
42045,2014,4809.0
25023,2013,4808.0
12009,2012,4800.0
36085,2012,4800.0
45019,2013,4791.0
20173,2012,4790.0
51153,2010,4783.0
27123,2014,4778.0
48339,2015,4769.0
36067,2012,4761.0
53011,2015,4754.0
6041,2016,4751.0
34007,2014,4742.0
34005,2012,4739.0
36071,2015,4725.0
10003,2015,4720.0
12101,2014,4701.0
34005,2011,4699.0
36067,2014,4697.0
36087,2014,4696.0
47093,2013,4688.0
25005,2015,4684.0
37081,2010,4682.0
5119,2012,4676.0
51810,2010,4674.0
16001,2012,4660.0
33011,2012,4654.0
34021,2013,4648.0
25005,2014,4638.0
48157,2012,4621.0
42029,2010,4615.0
13117,2012,4613.0
41067,2011,4612.0
45019,2010,4608.0
12127,2010,4601.0
39113,2012,4598.0
36085,2011,4597.0
1089,2010,4594.0
29510,2014,4591.0
48157,2010,4591.0
45079,2010,4588.0
51810,2014,4575.0
45045,2012,4574.0
10003,2014,4556.0
36001,2014,4550.0
6083,2016,4550.0
25013,2010,4545.0
6083,2012,4545.0
39153,2011,4541.0
39113,2015,4538.0
32031,2013,4524.0
12101,2013,4519.0
16001,2011,4511.0
12071,2013,4509.0
6083,2014,4495.0
6019,2010,4492.0
17097,2015,4475.0
12127,2015,4458.0
6083,2010,4444.0
48157,2011,4440.0
34005,2010,4439.0
36087,2013,4425.0
34007,2010,4424.0
34031,2012,4423.0
22033,2013,4420.0
25005,2010,4415.0
22033,2015,4406.0
53011,2010,4405.0
6097,2012,4397.0
1117,2012,4389.0
47149,2013,4374.0
16001,2010,4368.0
20173,2016,4355.0
12105,2013,4352.0
10003,2010,4344.0
41005,2016,4339.0
33015,2015,4337.0
53011,2014,4331.0
12071,2010,4328.0
12069,2014,4318.0
24027,2013,4315.0
6077,2013,4315.0
42071,2016,4310.0
22071,2014,4306.0
24027,2015,4295.0
55133,2014,4293.0
13117,2016,4284.0
47149,2012,4283.0
49049,2011,4275.0
45019,2015,4272.0
6041,2014,4272.0
22033,2016,4268.0
5119,2010,4261.0
47149,2016,4245.0
34007,2013,4241.0
2020,2014,4240.0
32031,2014,4237.0
22071,2016,4233.0
48157,2015,4231.0
33015,2016,4228.0
34029,2015,4227.0
53011,2012,4227.0
53011,2016,4224.0
34007,2015,4222.0
24021,2013,4217.0
34021,2012,4205.0
36087,2016,4204.0
6053,2016,4202.0
48215,2010,4201.0
17111,2014,4201.0
17111,2013,4199.0
34031,2014,4196.0
36067,2011,4182.0
55133,2010,4182.0
48215,2014,4182.0
53063,2012,4182.0
12071,2012,4179.0
36087,2010,4178.0
39153,2012,4177.0
25013,2015,4176.0
26161,2010,4173.0
12009,2015,4166.0
36071,2012,4154.0
44007,2011,4153.0
51013,2015,4144.0
34021,2011,4144.0
17111,2012,4136.0
37063,2014,4132.0
33015,2010,4129.0
45045,2013,4128.0
6095,2014,4124.0
13057,2014,4117.0
23005,2015,4117.0
34021,2010,4102.0
39153,2010,4102.0
47187,2015,4090.0
22033,2014,4087.0
26161,2016,4086.0
12009,2013,4084.0
41005,2011,4080.0
20173,2010,4078.0
51013,2012,4073.0
45045,2016,4070.0
6095,2016,4054.0
19113,2015,4038.0
1117,2013,4030.0
6061,2012,4030.0
33011,2010,4029.0
36027,2014,4024.0
17111,2011,4023.0
12115,2016,4017.0
33015,2014,4014.0
45045,2014,4013.0
33015,2011,3999.0
1089,2016,3997.0
2020,2015,3997.0
36001,2010,3992.0
53063,2010,3991.0
45045,2010,3987.0
24027,2010,3985.0
36071,2014,3979.0
24027,2012,3978.0
37081,2012,3971.0
51153,2015,3969.0
17089,2016,3961.0
31109,2011,3961.0
18089,2010,3957.0
6097,2011,3955.0
19113,2010,3953.0
6061,2015,3953.0
41039,2014,3949.0
51013,2011,3947.0
44007,2013,3933.0
26161,2015,3926.0
31109,2013,3914.0
12127,2013,3913.0
6077,2014,3903.0
1089,2013,3902.0
29183,2010,3880.0
6095,2010,3880.0
25005,2016,3879.0
6061,2014,3869.0
24510,2012,3865.0
45079,2015,3861.0
36071,2013,3859.0
42095,2010,3857.0
37129,2014,3855.0
34005,2013,3853.0
37081,2013,3852.0
47149,2010,3851.0
13117,2010,3848.0
23005,2013,3842.0
42095,2011,3835.0
36071,2010,3832.0
8069,2015,3821.0
22071,2012,3814.0
29183,2011,3800.0
22051,2013,3795.0
1089,2015,3787.0
6029,2015,3784.0
18057,2014,3774.0
6079,2010,3772.0
53063,2016,3770.0
36001,2016,3769.0
31109,2014,3762.0
26081,2011,3761.0
32031,2016,3751.0
22051,2016,3750.0
42071,2013,3749.0
18057,2011,3744.0
47149,2015,3742.0
12083,2013,3735.0
6083,2013,3734.0
18003,2011,3732.0
29510,2012,3731.0
47187,2013,3729.0
39095,2012,3729.0
36027,2013,3712.0
26161,2012,3709.0
6061,2011,3708.0
6061,2013,3706.0
42079,2013,3706.0
6029,2011,3704.0
36027,2010,3704.0
37081,2015,3700.0
53063,2011,3697.0
12105,2012,3694.0
51013,2010,3691.0
55133,2012,3689.0
12127,2016,3688.0
27163,2016,3684.0
17111,2015,3681.0
1097,2012,3681.0
36027,2015,3678.0
24027,2011,3674.0
51087,2014,3674.0
36087,2015,3671.0
23005,2016,3668.0
37081,2016,3666.0
6077,2016,3656.0
12069,2012,3652.0
20173,2013,3647.0
47187,2011,3639.0
12105,2016,3639.0
36001,2015,3637.0
34015,2014,3634.0
45019,2011,3634.0
25013,2014,3634.0
31109,2012,3627.0
29183,2012,3615.0
23005,2010,3613.0
26161,2014,3610.0
48061,2010,3609.0
12127,2014,3608.0
29510,2016,3608.0
42095,2016,3605.0
42071,2010,3604.0
53063,2013,3601.0
29077,2011,3601.0
8069,2014,3600.0
51153,2013,3594.0
48157,2014,3592.0
1117,2014,3591.0
42129,2011,3588.0
22071,2015,3580.0
42095,2014,3579.0
41039,2012,3561.0
16001,2016,3557.0
31109,2010,3549.0
49011,2016,3548.0
51810,2012,3543.0
29510,2011,3542.0
2020,2016,3539.0
39151,2015,3537.0
37063,2015,3532.0
18003,2015,3531.0
29077,2014,3531.0
27163,2010,3530.0
6077,2011,3530.0
29510,2015,3526.0
6087,2014,3525.0
8069,2012,3515.0
47149,2014,3513.0
21067,2010,3513.0
12105,2015,3512.0
32031,2010,3511.0
42071,2012,3508.0
2020,2013,3506.0
25013,2011,3505.0
13117,2013,3505.0
10003,2013,3503.0
29047,2010,3497.0
6029,2016,3492.0
6041,2012,3473.0
53011,2011,3473.0
42133,2011,3464.0
42011,2010,3462.0
41039,2016,3461.0
27003,2013,3456.0
18057,2015,3456.0
2020,2010,3450.0
32031,2011,3450.0
26065,2010,3447.0
42077,2011,3446.0
6029,2012,3443.0
41017,2011,3439.0
51087,2012,3437.0
12111,2016,3435.0
48027,2014,3434.0
55133,2015,3432.0
8069,2016,3429.0
46099,2013,3427.0
4021,2013,3424.0
27003,2012,3417.0
51810,2016,3416.0
8069,2011,3410.0
48339,2010,3405.0
12101,2010,3403.0
18089,2011,3403.0
6097,2013,3398.0
18089,2013,3395.0
31109,2016,3394.0
33015,2013,3392.0
22051,2014,3387.0
20173,2011,3381.0
39151,2010,3380.0
37129,2015,3376.0
12105,2014,3375.0
24021,2014,3372.0
29077,2013,3370.0
53063,2014,3369.0
45019,2012,3368.0
23005,2011,3368.0
51041,2013,3367.0
12069,2013,3364.0
12115,2011,3361.0
22071,2013,3361.0
6061,2016,3359.0
27003,2015,3353.0
41005,2015,3350.0
45045,2011,3350.0
18003,2013,3347.0
12009,2016,3335.0
22033,2012,3332.0
9005,2016,3330.0
22051,2011,3323.0
40027,2016,3317.0
6029,2014,3315.0
34015,2016,3314.0
6019,2013,3310.0
29047,2014,3307.0
54039,2011,3304.0
26161,2013,3304.0
37101,2016,3303.0
42133,2016,3300.0
12081,2016,3300.0
49011,2012,3296.0
21067,2012,3295.0
13057,2013,3288.0
36027,2011,3285.0
34021,2016,3281.0
32031,2012,3279.0
18141,2015,3273.0
39093,2010,3265.0
6029,2013,3262.0
36027,2012,3259.0
47187,2016,3259.0
45091,2015,3257.0
18105,2015,3257.0
51087,2015,3255.0
49011,2014,3254.0
39151,2016,3249.0
6041,2010,3248.0
55133,2013,3247.0
6095,2012,3245.0
48215,2015,3242.0
39095,2014,3237.0
22033,2010,3230.0
24021,2010,3225.0
37067,2012,3223.0
25013,2016,3214.0
21067,2015,3213.0
12033,2011,3212.0
47187,2014,3204.0
12009,2010,3202.0
29077,2015,3201.0
10003,2016,3201.0
32031,2015,3200.0
17111,2016,3197.0
42071,2014,3188.0
6029,2010,3188.0
55133,2016,3187.0
25013,2012,3186.0
17019,2010,3185.0
6095,2015,3181.0
12021,2013,3160.0
40027,2011,3159.0
53011,2013,3154.0
48491,2010,3152.0
22051,2012,3152.0
48339,2011,3148.0
25013,2013,3142.0
41005,2012,3137.0
29077,2010,3134.0
45015,2013,3131.0
48423,2016,3128.0
23005,2014,3126.0
29077,2016,3124.0
34015,2012,3111.0
26049,2014,3103.0
23005,2012,3099.0
12071,2011,3098.0
24027,2016,3098.0
6095,2013,3096.0
51087,2013,3093.0
1097,2013,3093.0
42011,2016,3093.0
39095,2013,3092.0
45083,2015,3091.0
13063,2016,3090.0
26065,2014,3087.0
13057,2012,3086.0
17111,2010,3082.0
42095,2015,3078.0
42133,2014,3077.0
42079,2011,3075.0
1117,2010,3074.0
42133,2012,3071.0
42077,2013,3070.0
28049,2010,3068.0
45091,2011,3067.0
41039,2015,3066.0
48303,2014,3055.0
37129,2010,3053.0
36087,2012,3052.0
50007,2015,3050.0
24021,2016,3050.0
42133,2010,3047.0
42079,2014,3045.0
12127,2012,3040.0
48215,2012,3036.0
53063,2015,3031.0
2020,2011,3029.0
34021,2015,3029.0
22051,2015,3026.0
37063,2013,3023.0
51087,2011,3021.0
37063,2010,3021.0
37063,2012,3021.0
12073,2012,3020.0
18089,2012,3020.0
6087,2016,3018.0
39041,2013,3009.0
50007,2012,3004.0
13057,2016,3004.0
51087,2016,3002.0
41039,2011,2999.0
12127,2011,2993.0
41017,2015,2990.0
12105,2010,2989.0
45079,2016,2989.0
41039,2013,2981.0
37179,2014,2980.0
51550,2010,2980.0
41005,2014,2976.0
6095,2011,2973.0
48355,2012,2965.0
48061,2014,2962.0
26065,2011,2959.0
51510,2015,2957.0
47187,2010,2956.0
48303,2015,2953.0
42077,2012,2946.0
27003,2011,2946.0
42077,2016,2945.0
24021,2015,2938.0
42071,2015,2936.0
47065,2010,2935.0
37067,2014,2929.0
2020,2012,2925.0
29047,2013,2922.0
24021,2011,2917.0
49011,2015,2917.0
48339,2014,2913.0
6061,2010,2908.0
1117,2011,2907.0
48355,2013,2907.0
1097,2015,2903.0
18003,2014,2901.0
39095,2010,2892.0
24021,2012,2889.0
22051,2010,2884.0
12073,2011,2883.0
22071,2011,2882.0
51041,2015,2879.0
1117,2016,2874.0
48303,2011,2869.0
51550,2016,2867.0
42129,2013,2865.0
34019,2011,2864.0
19113,2011,2861.0
41005,2013,2853.0
18089,2014,2852.0
13057,2011,2850.0
55009,2010,2847.0
24025,2010,2843.0
42071,2011,2843.0
18089,2016,2843.0
25005,2011,2839.0
13151,2016,2838.0
36001,2012,2833.0
47065,2013,2817.0
42129,2014,2814.0
36001,2013,2809.0
42011,2013,2809.0
55009,2011,2808.0
45051,2015,2801.0
42089,2012,2800.0
6083,2011,2796.0
12009,2011,2796.0
6079,2011,2791.0
4021,2012,2787.0
45083,2016,2786.0
41029,2011,2785.0
9007,2014,2785.0
48339,2012,2783.0
22073,2015,2781.0
39041,2011,2769.0
13245,2011,2768.0
17119,2014,2765.0
19113,2012,2762.0
51041,2016,2759.0
42095,2013,2758.0
37051,2014,2754.0
6099,2014,2753.0
42077,2015,2751.0
18057,2010,2745.0
37067,2013,2742.0
8123,2012,2739.0
34015,2015,2735.0
48039,2015,2730.0
8069,2010,2727.0
47065,2016,2725.0
19113,2014,2718.0
6053,2010,2714.0
31109,2015,2711.0
45083,2010,2710.0
13057,2010,2710.0
21067,2014,2707.0
45063,2012,2701.0
34019,2012,2700.0
47187,2012,2700.0
12033,2013,2694.0
30063,2013,2691.0
26161,2011,2690.0
42133,2013,2689.0
39093,2013,2682.0
39041,2015,2680.0
47065,2012,2676.0
8069,2013,2676.0
39151,2011,2671.0
51510,2016,2670.0
34019,2014,2666.0
54039,2012,2664.0
26049,2013,2663.0
21067,2011,2655.0
9011,2015,2650.0
12033,2014,2648.0
48423,2015,2647.0
23031,2014,2645.0
13151,2010,2641.0
55133,2011,2637.0
34015,2011,2636.0
42129,2010,2631.0
26049,2011,2631.0
20045,2012,2630.0
4021,2010,2628.0
13151,2015,2628.0
5045,2012,2628.0
37063,2016,2625.0
17201,2014,2625.0
36001,2011,2621.0
22017,2014,2618.0
6099,2010,2618.0
30063,2010,2617.0
12021,2015,2616.0
12069,2016,2613.0
29077,2012,2611.0
47065,2015,2611.0
48355,2016,2611.0
34019,2015,2610.0
6087,2015,2610.0
30111,2014,2609.0
17019,2013,2608.0
45079,2012,2605.0
28049,2014,2603.0
45083,2014,2602.0
42011,2015,2602.0
6099,2011,2599.0
48027,2016,2598.0
29047,2015,2598.0
21067,2016,2596.0
12097,2014,2590.0
48303,2012,2588.0
39017,2014,2586.0
17119,2012,2586.0
45079,2011,2585.0
39151,2012,2584.0
36027,2016,2578.0
12097,2016,2578.0
27163,2015,2577.0
45091,2013,2574.0
48039,2012,2573.0
28049,2013,2566.0
13051,2016,2566.0
18003,2010,2564.0
48355,2014,2564.0
18003,2012,2563.0
8123,2011,2562.0
6099,2015,2559.0
41005,2010,2559.0
37129,2013,2556.0
12115,2014,2551.0
39041,2014,2550.0
39151,2014,2547.0
24013,2015,2540.0
42079,2016,2540.0
17019,2014,2538.0
4021,2011,2533.0
41017,2016,2528.0
22073,2014,2526.0
34037,2014,2525.0
49011,2010,2522.0
22055,2012,2522.0
12105,2011,2521.0
40027,2015,2515.0
37179,2015,2514.0
37129,2016,2512.0
47065,2011,2508.0
37129,2012,2508.0
13097,2013,2507.0
23031,2015,2504.0
28049,2015,2503.0
24013,2010,2498.0
37025,2016,2493.0
36091,2011,2490.0
13063,2010,2489.0
21067,2013,2486.0
51550,2015,2483.0
27003,2010,2483.0
51710,2010,2483.0
55009,2012,2481.0
48039,2016,2481.0
9011,2011,2481.0
12115,2013,2480.0
41029,2010,2477.0
39099,2010,2476.0
17019,2016,2475.0
47065,2014,2473.0
49011,2013,2472.0
6099,2013,2469.0
51760,2016,2466.0
29047,2012,2464.0
13151,2014,2463.0
51550,2012,2461.0
34015,2013,2460.0
45063,2013,2460.0
39095,2011,2460.0
34015,2010,2455.0
45051,2013,2453.0
6079,2012,2453.0
48355,2011,2451.0
30111,2015,2451.0
42133,2015,2446.0
12073,2014,2445.0
34037,2016,2444.0
42041,2012,2443.0
51041,2014,2442.0
23031,2013,2439.0
45091,2014,2436.0
24025,2011,2435.0
27163,2012,2434.0
48061,2016,2420.0
39017,2011,2419.0
9007,2015,2418.0
51760,2012,2416.0
39151,2013,2415.0
22071,2010,2415.0
54039,2016,2414.0
1097,2010,2413.0
12115,2015,2413.0
9007,2010,2413.0
45051,2012,2411.0
39093,2014,2411.0
37051,2016,2407.0
29047,2011,2404.0
53035,2010,2393.0
12083,2011,2392.0
42077,2014,2390.0
27003,2016,2389.0
42043,2012,2383.0
12097,2013,2380.0
39041,2010,2379.0
51510,2014,2376.0
31153,2016,2369.0
39017,2013,2369.0
51041,2010,2368.0
45083,2011,2368.0
34019,2016,2366.0
42011,2012,2366.0
1097,2016,2364.0
36079,2012,2362.0
19113,2016,2359.0
45091,2016,2358.0
25001,2011,2356.0
12001,2015,2353.0
1097,2011,2352.0
51510,2012,2350.0
17167,2012,2349.0
42079,2010,2346.0
19113,2013,2344.0
45015,2010,2344.0
22073,2013,2343.0
40027,2010,2339.0
48139,2013,2338.0
45063,2016,2338.0
45063,2014,2336.0
39017,2015,2334.0
41039,2010,2334.0
13063,2013,2332.0
18057,2012,2331.0
37063,2011,2330.0
42043,2015,2329.0
37067,2016,2328.0
36091,2015,2327.0
8123,2014,2325.0
36079,2015,2325.0
6017,2014,2324.0
29019,2010,2324.0
37179,2010,2323.0
37051,2015,2322.0
34019,2010,2317.0
12069,2011,2316.0
12073,2013,2315.0
22017,2011,2315.0
51510,2013,2312.0
48167,2010,2310.0
48039,2010,2308.0
5125,2010,2306.0
42079,2012,2306.0
6087,2011,2305.0
1097,2014,2305.0
8077,2013,2305.0
18089,2015,2305.0
12001,2013,2302.0
48061,2012,2301.0
48355,2010,2300.0
12033,2016,2298.0
18163,2015,2297.0
17167,2011,2293.0
22055,2016,2293.0
37067,2015,2287.0
48303,2013,2283.0
39017,2012,2281.0
13051,2011,2280.0
48339,2013,2280.0
39165,2013,2279.0
48061,2015,2274.0
34001,2014,2272.0
36091,2013,2266.0
9005,2015,2265.0
41017,2012,2263.0
37025,2014,2261.0
21117,2014,2261.0
54039,2015,2261.0
16055,2014,2256.0
6079,2016,2256.0
9005,2012,2256.0
39025,2012,2256.0
6053,2011,2256.0
17019,2012,2254.0
6087,2010,2254.0
40027,2013,2253.0
9007,2012,2253.0
48027,2011,2253.0
8123,2016,2250.0
29019,2013,2239.0
9011,2016,2239.0
18141,2011,2238.0
17201,2016,2236.0
28121,2011,2235.0
42011,2011,2233.0
37025,2012,2227.0
13245,2016,2223.0
48167,2013,2223.0
39165,2016,2220.0
53067,2014,2220.0
42041,2015,2219.0
36111,2013,2219.0
22073,2011,2218.0
45051,2016,2217.0
48423,2014,2213.0
12115,2010,2212.0
42049,2011,2210.0
29019,2014,2209.0
20177,2016,2209.0
4021,2016,2209.0
42049,2016,2209.0
48381,2013,2208.0
26139,2013,2208.0
26065,2012,2208.0
48209,2012,2207.0
53035,2014,2204.0
51550,2013,2204.0
55087,2014,2202.0
39133,2010,2198.0
20045,2016,2196.0
39095,2015,2195.0
39093,2012,2193.0
21117,2016,2192.0
36091,2014,2189.0
26065,2015,2185.0
13223,2015,2185.0
51087,2010,2183.0
12109,2014,2183.0
1117,2015,2183.0
22103,2014,2180.0
48209,2016,2179.0
17119,2015,2179.0
36091,2010,2176.0
6007,2015,2172.0
39103,2010,2169.0
12005,2011,2168.0
42049,2014,2167.0
45091,2012,2166.0
26065,2016,2165.0
19103,2011,2164.0
51760,2014,2164.0
22055,2014,2164.0
17163,2011,2164.0
27163,2013,2158.0
9005,2010,2155.0
37067,2011,2154.0
54039,2010,2154.0
9005,2013,2152.0
48061,2011,2152.0
18163,2010,2152.0
35013,2010,2151.0
12101,2016,2150.0
53035,2011,2149.0
53067,2016,2147.0
12081,2014,2146.0
48027,2013,2145.0
53073,2010,2139.0
29099,2014,2137.0
34037,2011,2136.0
22017,2010,2136.0
48039,2014,2135.0
24025,2016,2135.0
53035,2013,2134.0
5125,2014,2132.0
38017,2011,2128.0
39165,2014,2128.0
53073,2015,2125.0
12021,2014,2123.0
29165,2015,2123.0
48209,2013,2117.0
17201,2011,2115.0
42019,2014,2114.0
48209,2015,2111.0
17201,2010,2109.0
48423,2011,2109.0
31153,2010,2104.0
9007,2016,2102.0
28121,2010,2101.0
18163,2016,2099.0
12083,2012,2099.0
50007,2016,2099.0
29099,2012,2097.0
6053,2013,2097.0
48167,2015,2096.0
12069,2010,2095.0
39041,2016,2089.0
34037,2013,2088.0
9007,2013,2087.0
48027,2010,2087.0
42125,2014,2086.0
12115,2012,2086.0
37021,2012,2081.0
51041,2012,2078.0
49011,2011,2077.0
6087,2012,2075.0
34037,2010,2074.0
39025,2013,2074.0
55105,2016,2073.0
13097,2010,2073.0
22073,2016,2070.0
27163,2014,2065.0
40027,2012,2065.0
21117,2012,2065.0
4021,2015,2064.0
30063,2016,2063.0
55139,2011,2062.0
54003,2016,2060.0
6053,2014,2059.0
20045,2011,2058.0
9005,2014,2058.0
12073,2015,2053.0
46099,2016,2051.0
37021,2013,2051.0
17143,2012,2048.0
31153,2011,2048.0
55105,2010,2048.0
51041,2011,2043.0
36093,2014,2040.0
42069,2011,2040.0
6113,2010,2040.0
51700,2016,2036.0
24013,2011,2036.0
13113,2015,2036.0
39099,2013,2036.0
29510,2013,2035.0
42043,2013,2035.0
24025,2012,2034.0
9011,2010,2033.0
44003,2011,2033.0
25001,2012,2032.0
45013,2015,2032.0
29019,2015,2032.0
39017,2016,2032.0
37151,2014,2031.0
24025,2013,2029.0
27139,2012,2029.0
49057,2012,2028.0
21093,2014,2027.0
45063,2015,2027.0
37025,2013,2024.0
39095,2016,2023.0
17201,2013,2022.0
48039,2011,2020.0
55063,2016,2019.0
40017,2016,2019.0
39017,2010,2018.0
24043,2011,2018.0
12081,2011,2017.0
45083,2012,2015.0
22055,2013,2014.0
8123,2015,2013.0
42095,2012,2012.0
42011,2014,2009.0
44003,2014,2008.0
37067,2010,2006.0
36091,2016,2006.0
13063,2012,2005.0
36063,2012,2004.0
5143,2014,2004.0
34001,2012,2003.0
42043,2011,2003.0
51550,2014,2001.0
31153,2014,2001.0
22103,2016,2000.0
24013,2016,1998.0
9013,2014,1997.0
42129,2016,1996.0
13097,2012,1994.0
12097,2010,1992.0
24025,2014,1990.0
13063,2015,1989.0
12083,2010,1988.0
20177,2012,1988.0
48167,2016,1986.0
24025,2015,1986.0
39103,2014,1985.0
25001,2016,1985.0
45013,2012,1983.0
31153,2015,1983.0
34019,2013,1982.0
30063,2011,1981.0
31153,2012,1980.0
12001,2014,1980.0
48303,2010,1977.0
26139,2011,1976.0
37129,2011,1976.0
13097,2015,1975.0
39089,2014,1975.0
13223,2010,1973.0
16027,2014,1973.0
51710,2015,1972.0
30063,2012,1963.0
12081,2012,1961.0
6089,2015,1955.0
24017,2014,1953.0
48309,2010,1953.0
50007,2013,1951.0
45051,2014,1948.0
22017,2015,1946.0
12111,2015,1944.0
55009,2015,1943.0
21117,2010,1943.0
36111,2011,1943.0
26093,2014,1942.0
18141,2013,1941.0
55139,2016,1939.0
45051,2010,1938.0
27163,2011,1935.0
13151,2012,1932.0
13245,2010,1930.0
22017,2012,1930.0
48167,2014,1929.0
42125,2012,1927.0
39099,2011,1927.0
55087,2011,1926.0
13063,2011,1924.0
8014,2015,1924.0
17119,2016,1923.0
51710,2013,1922.0
19163,2016,1920.0
24013,2014,1920.0
53067,2015,1919.0
27109,2013,1918.0
45063,2011,1917.0
48061,2013,1916.0
39133,2016,1915.0
36065,2011,1915.0
42079,2015,1909.0
45015,2014,1909.0
48423,2010,1909.0
8123,2013,1907.0
36083,2015,1906.0
28047,2010,1905.0
12001,2010,1905.0
26049,2015,1902.0
48139,2014,1900.0
55009,2016,1900.0
37051,2012,1899.0
48215,2011,1899.0
25001,2014,1899.0
48329,2011,1898.0
19163,2011,1898.0
12083,2014,1897.0
44003,2013,1896.0
39165,2011,1895.0
45035,2015,1893.0
9005,2011,1893.0
18141,2014,1893.0
54003,2013,1891.0
18063,2011,1891.0
38017,2010,1890.0
13223,2014,1888.0
12005,2015,1887.0
39103,2012,1885.0
39139,2011,1885.0
25001,2013,1880.0
4025,2013,1879.0
39085,2013,1879.0
53067,2013,1873.0
55059,2011,1873.0
37021,2016,1872.0
55009,2013,1872.0
39025,2015,1872.0
29099,2013,1868.0
12109,2012,1866.0
36111,2016,1865.0
17119,2013,1864.0
48187,2011,1864.0
9013,2011,1863.0
5045,2013,1863.0
18163,2011,1863.0
38017,2012,1862.0
42049,2015,1862.0
12083,2016,1862.0
17019,2015,1861.0
12111,2012,1861.0
13097,2016,1861.0
17113,2010,1860.0
12001,2011,1860.0
36111,2014,1850.0
28049,2012,1847.0
29099,2010,1847.0
6053,2012,1845.0
51760,2010,1845.0
16027,2016,1843.0
46099,2014,1842.0
35013,2013,1841.0
12113,2010,1841.0
17167,2010,1838.0
13051,2010,1837.0
27137,2012,1837.0
47163,2011,1837.0
45083,2013,1836.0
6017,2012,1833.0
36079,2014,1832.0
42019,2013,1832.0
13021,2012,1832.0
9011,2013,1831.0
42125,2011,1831.0
6079,2014,1830.0
12081,2013,1830.0
49053,2014,1829.0
4015,2011,1829.0
36065,2010,1829.0
13051,2013,1828.0
6007,2013,1827.0
26139,2015,1827.0
8101,2011,1825.0
25015,2015,1825.0
42129,2012,1825.0
42069,2015,1823.0
18141,2016,1822.0
12111,2011,1820.0
33013,2016,1819.0
23011,2010,1816.0
53035,2012,1816.0
41017,2013,1814.0
37071,2014,1812.0
39085,2014,1812.0
42089,2011,1811.0
37179,2012,1808.0
36079,2011,1808.0
1125,2015,1807.0
39165,2010,1806.0
24017,2015,1806.0
39093,2015,1806.0
17119,2011,1805.0
24013,2013,1805.0
39085,2011,1804.0
37071,2012,1802.0
42069,2013,1801.0
36093,2011,1800.0
48041,2013,1800.0
46099,2011,1800.0
37021,2011,1799.0
15009,2015,1799.0
45007,2015,1799.0
12033,2015,1799.0
45035,2014,1798.0
36079,2013,1798.0
18163,2014,1798.0
27109,2012,1795.0
22103,2015,1794.0
24013,2012,1794.0
28121,2016,1793.0
27139,2014,1792.0
29047,2016,1790.0
37135,2012,1790.0
39085,2015,1789.0
35013,2016,1789.0
51550,2011,1789.0
37179,2016,1788.0
44003,2012,1786.0
12019,2011,1785.0
30063,2015,1784.0
39089,2013,1781.0
29097,2014,1780.0
1125,2016,1779.0
39093,2016,1775.0
34001,2015,1772.0
36007,2016,1771.0
13223,2013,1771.0
39165,2015,1771.0
17201,2015,1770.0
51710,2014,1769.0
47189,2011,1767.0
42019,2011,1766.0
22073,2010,1766.0
48309,2014,1765.0
25015,2011,1765.0
1003,2015,1765.0
17143,2016,1762.0
37101,2012,1762.0
23031,2012,1762.0
13073,2015,1760.0
30111,2012,1759.0
12033,2010,1758.0
5143,2011,1758.0
20045,2014,1757.0
6047,2011,1756.0
12019,2015,1755.0
13051,2012,1753.0
6099,2016,1746.0
51710,2016,1746.0
16027,2013,1745.0
37021,2014,1745.0
30111,2011,1744.0
13063,2014,1744.0
29099,2016,1743.0
36091,2012,1742.0
22017,2016,1742.0
12111,2010,1740.0
17161,2012,1739.0
26049,2016,1737.0
39099,2016,1736.0
37051,2013,1732.0
19163,2012,1732.0
48355,2015,1723.0
51700,2010,1723.0
53067,2011,1722.0
45015,2011,1721.0
54003,2011,1721.0
47179,2015,1721.0
26139,2016,1720.0
9007,2011,1717.0
48039,2013,1717.0
42125,2016,1716.0
6017,2015,1714.0
36093,2012,1712.0
20045,2013,1712.0
37025,2010,1712.0
41047,2016,1711.0
26145,2015,1710.0
36083,2011,1708.0
12109,2016,1708.0
12021,2010,1708.0
42069,2010,1707.0
9011,2012,1706.0
17201,2012,1706.0
37051,2011,1705.0
42069,2016,1705.0
36093,2010,1705.0
55063,2013,1700.0
47165,2010,1699.0
36093,2015,1696.0
48139,2011,1695.0
6007,2010,1695.0
49057,2010,1694.0
39093,2011,1693.0
54039,2014,1692.0
5007,2014,1692.0
37179,2013,1691.0
8014,2016,1690.0
48303,2016,1690.0
1125,2010,1688.0
17163,2012,1687.0
26093,2016,1686.0
36063,2016,1686.0
27003,2014,1684.0
16027,2012,1681.0
26139,2012,1680.0
29099,2015,1680.0
4025,2016,1679.0
39025,2014,1676.0
13215,2013,1674.0
51760,2013,1674.0
25003,2015,1673.0
39103,2016,1673.0
51760,2011,1670.0
36083,2016,1669.0
50007,2011,1666.0
53035,2016,1665.0
37147,2011,1664.0
48041,2015,1664.0
36065,2014,1664.0
45063,2010,1660.0
20177,2014,1659.0
13051,2015,1658.0
45015,2015,1658.0
25011,2010,1657.0
25001,2010,1657.0
42049,2012,1654.0
47179,2013,1652.0
16055,2012,1651.0
53067,2010,1650.0
39155,2010,1649.0
6007,2011,1648.0
17167,2015,1647.0
53073,2016,1643.0
21015,2016,1643.0
55059,2013,1642.0
42041,2016,1640.0
42089,2013,1639.0
34041,2013,1637.0
42041,2014,1636.0
29019,2012,1635.0
18105,2013,1634.0
37135,2013,1633.0
41047,2011,1633.0
41047,2012,1632.0
48339,2016,1632.0
39133,2014,1629.0
13245,2013,1629.0
46099,2015,1626.0
26139,2010,1622.0
19061,2010,1621.0
5045,2014,1620.0
26093,2011,1620.0
1101,2012,1616.0
6047,2012,1614.0
39165,2012,1613.0
47189,2014,1613.0
19103,2012,1612.0
49057,2013,1611.0
42027,2011,1610.0
34041,2011,1609.0
53073,2013,1607.0
18081,2011,1606.0
1125,2014,1604.0
17163,2013,1604.0
12083,2015,1603.0
37133,2014,1600.0
6113,2011,1600.0
36007,2015,1598.0
33017,2014,1598.0
35013,2011,1597.0
39025,2011,1595.0
28049,2011,1594.0
42049,2013,1593.0
51161,2012,1593.0
13097,2011,1592.0
55139,2014,1592.0
34001,2010,1590.0
37057,2011,1589.0
12019,2012,1589.0
20177,2015,1589.0
28033,2014,1589.0
39085,2010,1588.0
37021,2010,1587.0
17143,2010,1587.0
49057,2014,1584.0
4015,2016,1584.0
21227,2016,1580.0
22055,2010,1578.0
28089,2016,1576.0
24017,2011,1573.0
48309,2015,1572.0
12001,2016,1570.0
17161,2011,1569.0
12053,2011,1569.0
56021,2016,1568.0
37179,2011,1568.0
12113,2015,1567.0
41047,2014,1566.0
45091,2010,1566.0
6087,2013,1561.0
5125,2012,1561.0
22103,2013,1559.0
13073,2012,1557.0
1101,2015,1555.0
47165,2016,1552.0
20177,2010,1550.0
6113,2013,1550.0
36111,2012,1550.0
41017,2014,1549.0
6107,2010,1548.0
36093,2013,1548.0
6107,2013,1548.0
34041,2014,1547.0
34001,2013,1546.0
13073,2011,1545.0
19061,2012,1544.0
12081,2015,1544.0
37057,2013,1544.0
13185,2016,1543.0
8077,2010,1543.0
16027,2010,1543.0
6107,2015,1542.0
41047,2010,1542.0
6099,2012,1540.0
24037,2015,1539.0
21117,2013,1539.0
50007,2010,1539.0
18081,2014,1539.0
41047,2015,1538.0
6079,2013,1536.0
39099,2014,1536.0
41029,2016,1536.0
23031,2016,1535.0
17163,2016,1534.0
13077,2012,1533.0
5143,2012,1533.0
37147,2015,1531.0
8101,2014,1531.0
54039,2013,1531.0
42019,2015,1531.0
48485,2010,1530.0
13113,2016,1529.0
45013,2010,1529.0
46099,2012,1529.0
27109,2010,1529.0
37025,2015,1528.0
6079,2015,1527.0
42013,2011,1527.0
27109,2015,1524.0
47165,2015,1524.0
29051,2010,1522.0
51760,2015,1522.0
20209,2014,1520.0
42043,2016,1520.0
36063,2011,1519.0
19103,2014,1518.0
18127,2014,1517.0
36063,2010,1515.0
29165,2010,1515.0
48257,2015,1514.0
48309,2012,1514.0
26077,2014,1514.0
35013,2012,1514.0
17143,2011,1509.0
42043,2014,1508.0
6017,2013,1506.0
48167,2012,1505.0
38017,2013,1504.0
48139,2015,1503.0
10001,2011,1501.0
42043,2010,1500.0
51069,2015,1499.0
5143,2010,1499.0
47009,2016,1498.0
5143,2015,1497.0
6113,2015,1497.0
13151,2011,1497.0
34037,2012,1496.0
39057,2012,1495.0
36065,2012,1495.0
18105,2010,1495.0
42125,2013,1495.0
40027,2014,1495.0
51710,2012,1495.0
42069,2012,1495.0
18105,2014,1494.0
51650,2012,1493.0
49053,2016,1493.0
55009,2014,1493.0
6017,2010,1491.0
12073,2016,1491.0
47165,2014,1491.0
45003,2014,1490.0
18063,2015,1489.0
37035,2016,1488.0
13139,2012,1487.0
33013,2013,1486.0
12111,2014,1485.0
17163,2015,1484.0
18105,2011,1484.0
19061,2011,1483.0
36111,2015,1483.0
49057,2015,1483.0
48479,2016,1482.0
39089,2012,1482.0
27013,2016,1481.0
49053,2015,1481.0
56021,2011,1481.0
31153,2013,1480.0
36117,2013,1479.0
1081,2015,1479.0
20177,2013,1477.0
10001,2010,1476.0
53077,2011,1475.0
28121,2014,1475.0
47179,2010,1475.0
22103,2011,1474.0
55105,2012,1474.0
33017,2013,1473.0
37101,2010,1472.0
27171,2015,1472.0
18163,2013,1471.0
23031,2010,1471.0
29165,2013,1469.0
26077,2013,1469.0
47189,2013,1468.0
51700,2012,1465.0
42007,2011,1465.0
24043,2013,1464.0
12085,2016,1464.0
34041,2016,1464.0
16019,2010,1463.0
17163,2010,1462.0
48451,2016,1460.0
13139,2013,1459.0
26077,2015,1459.0
47165,2012,1458.0
27137,2016,1457.0
50007,2014,1457.0
12109,2011,1456.0
35049,2014,1455.0
8077,2011,1455.0
37057,2015,1454.0
47163,2012,1454.0
39099,2012,1454.0
36007,2011,1453.0
13215,2011,1453.0
45041,2011,1451.0
51085,2015,1451.0
12015,2016,1449.0
12005,2012,1448.0
48397,2012,1448.0
42069,2014,1448.0
42129,2015,1448.0
24043,2010,1447.0
26075,2010,1446.0
19163,2015,1446.0
39155,2011,1446.0
21117,2015,1444.0
55127,2013,1444.0
46103,2011,1441.0
26145,2012,1441.0
48091,2014,1441.0
55063,2011,1440.0
13077,2016,1438.0
45003,2013,1438.0
48041,2012,1437.0
9013,2012,1437.0
21015,2010,1436.0
12033,2012,1435.0
18157,2015,1435.0
26145,2013,1434.0
42075,2010,1432.0
42041,2013,1432.0
46099,2010,1432.0
17161,2010,1431.0
36111,2010,1431.0
28121,2012,1429.0
16027,2015,1429.0
25003,2011,1427.0
34001,2016,1427.0
48027,2015,1425.0
45007,2012,1424.0
36063,2014,1423.0
22017,2013,1422.0
17019,2011,1422.0
48139,2010,1422.0
26093,2015,1421.0
51177,2012,1420.0
12081,2010,1420.0
55087,2013,1419.0
39089,2011,1419.0
12019,2014,1419.0
26145,2011,1418.0
48423,2013,1418.0
47125,2013,1418.0
25015,2016,1417.0
18141,2012,1417.0
53073,2014,1416.0
48375,2012,1415.0
37071,2015,1414.0
27139,2011,1414.0
25001,2015,1414.0
48041,2011,1411.0
48135,2016,1410.0
41029,2012,1410.0
36083,2012,1407.0
5045,2011,1407.0
37051,2010,1406.0
30063,2014,1406.0
39023,2013,1403.0
13051,2014,1402.0
26139,2014,1402.0
29165,2014,1400.0
16055,2016,1400.0
17163,2014,1400.0
48485,2013,1396.0
13245,2014,1396.0
37101,2013,1396.0
39057,2014,1395.0
26065,2013,1394.0
42019,2012,1393.0
42019,2016,1392.0
10005,2012,1391.0
13139,2011,1389.0
35049,2015,1388.0
5143,2016,1386.0
26093,2012,1386.0
29165,2012,1384.0
36069,2014,1380.0
51700,2015,1380.0
55087,2012,1380.0
27139,2013,1379.0
21015,2013,1377.0
8123,2010,1377.0
37097,2010,1376.0
6113,2012,1375.0
22055,2011,1374.0
45013,2014,1374.0
42049,2010,1374.0
39173,2011,1373.0
42019,2010,1373.0
26145,2016,1372.0
39025,2016,1371.0
37071,2013,1371.0
22103,2012,1369.0
22063,2012,1369.0
42125,2010,1369.0
47189,2016,1368.0
13113,2010,1367.0
6017,2011,1367.0
29019,2011,1366.0
28047,2011,1366.0
34037,2015,1366.0
23031,2011,1365.0
48479,2013,1365.0
55131,2011,1365.0
8077,2016,1363.0
48245,2012,1362.0
36113,2010,1362.0
39173,2016,1362.0
39045,2016,1360.0
4025,2010,1359.0
48329,2016,1359.0
39057,2010,1359.0
39041,2012,1358.0
54011,2012,1358.0
19163,2010,1358.0
6007,2012,1357.0
18063,2016,1357.0
48245,2014,1355.0
29099,2011,1354.0
48209,2014,1352.0
19061,2016,1352.0
36007,2014,1352.0
39155,2015,1351.0
25003,2010,1351.0
17161,2015,1350.0
47163,2015,1349.0
48423,2012,1348.0
49057,2016,1347.0
29019,2016,1347.0
6023,2010,1346.0
39085,2016,1346.0
19155,2010,1346.0
1125,2012,1346.0
37057,2014,1344.0
4025,2015,1343.0
26049,2012,1342.0
36083,2013,1341.0
19103,2016,1341.0
55087,2010,1341.0
39133,2015,1340.0
2170,2016,1339.0
51177,2015,1338.0
12113,2011,1337.0
18127,2010,1336.0
18163,2012,1336.0
4015,2010,1335.0
8101,2015,1335.0
2090,2014,1334.0
1003,2012,1334.0
55101,2012,1333.0
33013,2015,1333.0
51650,2013,1332.0
37133,2015,1332.0
17161,2013,1331.0
48451,2013,1331.0
6047,2010,1329.0
48309,2016,1326.0
6053,2015,1326.0
27145,2013,1325.0
17143,2015,1325.0
6023,2016,1324.0
55131,2014,1324.0
12001,2012,1323.0
27137,2011,1323.0
6107,2014,1322.0
29037,2010,1321.0
23019,2010,1321.0
26093,2013,1320.0
26077,2012,1319.0
26049,2010,1318.0
38017,2016,1316.0
48091,2016,1315.0
24043,2015,1315.0
15007,2013,1315.0
55139,2010,1315.0
23001,2011,1313.0
35013,2014,1312.0
2090,2016,1311.0
4025,2011,1311.0
17143,2013,1310.0
24017,2010,1309.0
13215,2016,1309.0
24017,2016,1308.0
12109,2015,1308.0
45013,2013,1307.0
22019,2016,1307.0
6089,2010,1306.0
17119,2010,1306.0
27109,2011,1306.0
13139,2016,1305.0
45035,2011,1305.0
27145,2015,1304.0
12091,2010,1302.0
6007,2016,1301.0
18141,2010,1299.0
45007,2013,1299.0
37097,2012,1298.0
55139,2012,1298.0
12111,2013,1298.0
17161,2014,1298.0
12069,2015,1298.0
42041,2010,1295.0
41017,2010,1295.0
24037,2014,1294.0
27137,2010,1292.0
13153,2012,1291.0
36007,2012,1291.0
27139,2015,1291.0
48209,2010,1289.0
38017,2014,1289.0
39045,2014,1287.0
48245,2010,1287.0
6113,2016,1285.0
42125,2015,1284.0
19169,2011,1284.0
39089,2015,1283.0
17037,2014,1283.0
6017,2016,1283.0
41029,2013,1282.0
33013,2010,1282.0
12073,2010,1280.0
21117,2011,1278.0
10001,2016,1278.0
12019,2016,1277.0
18081,2010,1277.0
13077,2013,1276.0
47009,2015,1275.0
1003,2011,1275.0
6107,2011,1274.0
19061,2014,1274.0
17143,2014,1274.0
39045,2015,1272.0
29037,2011,1272.0
48485,2011,1271.0
42051,2010,1271.0
36083,2014,1271.0
44003,2010,1269.0
53005,2016,1269.0
12019,2010,1268.0
1125,2011,1268.0
51710,2011,1267.0
41071,2010,1267.0
37147,2010,1266.0
27019,2015,1266.0
24043,2014,1265.0
25003,2014,1264.0
20177,2011,1264.0
48181,2011,1264.0
19193,2010,1264.0
49005,2013,1263.0
55101,2016,1262.0
55105,2015,1261.0
42027,2013,1261.0
48485,2014,1261.0
27145,2011,1260.0
29037,2015,1260.0
49005,2010,1259.0
39103,2013,1257.0
15001,2013,1255.0
17179,2011,1255.0
10005,2011,1253.0
37019,2016,1252.0
37135,2015,1252.0
48027,2012,1251.0
25015,2014,1250.0
21029,2015,1250.0
51179,2012,1248.0
18063,2012,1248.0
45015,2016,1248.0
37101,2014,1247.0
48139,2016,1247.0
29097,2012,1246.0
45013,2016,1245.0
21029,2014,1245.0
25015,2010,1244.0
37147,2013,1244.0
15001,2011,1244.0
55105,2014,1242.0
36069,2011,1242.0
33013,2011,1241.0
39045,2010,1239.0
13095,2012,1237.0
39103,2011,1237.0
36007,2013,1237.0
36065,2016,1235.0
17179,2013,1235.0
5125,2011,1234.0
55063,2015,1233.0
56021,2014,1233.0
15009,2011,1233.0
9013,2013,1233.0
37151,2012,1232.0
24009,2011,1232.0
19061,2013,1232.0
42055,2012,1230.0
26115,2011,1230.0
9011,2014,1230.0
39057,2011,1230.0
37021,2015,1229.0
12053,2013,1228.0
8077,2015,1228.0
5045,2015,1228.0
37071,2011,1227.0
28049,2016,1227.0
23001,2012,1226.0
35043,2011,1225.0
48309,2013,1225.0
39155,2016,1225.0
55059,2010,1224.0
54011,2010,1222.0
12015,2015,1222.0
29097,2010,1222.0
23011,2014,1221.0
45007,2011,1220.0
39099,2015,1220.0
26093,2010,1219.0
29097,2013,1218.0
12097,2012,1218.0
48381,2014,1218.0
8077,2014,1218.0
25011,2011,1218.0
54061,2013,1217.0
23019,2012,1217.0
25015,2013,1217.0
44003,2016,1217.0
17167,2013,1216.0
27109,2014,1216.0
48091,2010,1215.0
45003,2010,1214.0
12109,2010,1214.0
37071,2016,1214.0
34001,2011,1213.0
5125,2015,1212.0
20045,2010,1209.0
12021,2016,1207.0
27139,2016,1206.0
21093,2016,1206.0
53035,2015,1206.0
21227,2011,1205.0
28089,2011,1204.0
6055,2010,1204.0
40031,2015,1203.0
55105,2013,1202.0
38101,2016,1199.0
35049,2016,1199.0
17099,2011,1199.0
1081,2010,1198.0
10005,2015,1197.0
25015,2012,1196.0
20209,2013,1195.0
21015,2015,1195.0
22015,2010,1194.0
48187,2015,1193.0
12109,2013,1193.0
17113,2012,1193.0
25003,2012,1193.0
26045,2016,1193.0
35049,2012,1191.0
18105,2016,1190.0
45003,2011,1190.0
36069,2012,1190.0
48441,2011,1189.0
5051,2012,1189.0
48135,2010,1189.0
6023,2012,1189.0
55101,2015,1188.0
9013,2010,1188.0
53005,2010,1188.0
1101,2013,1188.0
37191,2013,1186.0
13215,2015,1186.0
27171,2012,1186.0
8101,2016,1186.0
49057,2011,1185.0
21227,2015,1185.0
6055,2014,1184.0
39057,2013,1183.0
4027,2012,1183.0
4025,2014,1183.0
39057,2016,1183.0
37085,2013,1182.0
37147,2016,1182.0
8101,2013,1180.0
6007,2014,1180.0
34041,2015,1180.0
25003,2013,1180.0
42055,2014,1179.0
26115,2014,1179.0
42051,2014,1178.0
19013,2013,1178.0
27019,2013,1177.0
47163,2014,1177.0
18063,2014,1177.0
55087,2015,1176.0
6113,2014,1175.0
48245,2011,1175.0
18019,2011,1175.0
45035,2013,1173.0
48091,2015,1173.0
22005,2015,1173.0
16019,2011,1173.0
5125,2016,1172.0
42107,2010,1172.0
22005,2013,1171.0
42013,2015,1170.0
37147,2012,1169.0
6089,2014,1169.0
19169,2013,1168.0
41029,2015,1166.0
13245,2012,1166.0
48367,2013,1164.0
2170,2015,1164.0
17093,2010,1164.0
13245,2015,1163.0
42089,2016,1163.0
6089,2016,1163.0
55035,2010,1163.0
48367,2012,1162.0
39055,2015,1162.0
13045,2012,1162.0
22063,2016,1162.0
39173,2010,1162.0
17167,2016,1161.0
10005,2016,1160.0
18081,2016,1160.0
12005,2014,1159.0
19163,2014,1157.0
17113,2013,1156.0
19049,2016,1156.0
12085,2012,1155.0
55109,2016,1155.0
1081,2016,1154.0
13077,2014,1154.0
13223,2012,1154.0
17179,2014,1153.0
37057,2010,1151.0
13139,2010,1151.0
47125,2015,1149.0
39155,2012,1149.0
48485,2015,1148.0
12085,2011,1147.0
21227,2013,1146.0
26145,2010,1145.0
48187,2014,1145.0
24017,2013,1144.0
18095,2010,1141.0
41029,2014,1140.0
18127,2016,1138.0
5131,2011,1138.0
48183,2014,1137.0
27145,2014,1137.0
47163,2010,1137.0
25011,2012,1136.0
47165,2013,1136.0
40017,2013,1136.0
53077,2016,1135.0
22103,2010,1134.0
51177,2013,1134.0
48329,2010,1133.0
37127,2016,1133.0
28047,2013,1133.0
48041,2016,1132.0
25011,2016,1132.0
13151,2013,1132.0
48167,2011,1131.0
55101,2013,1131.0
13113,2012,1131.0
5131,2012,1131.0
12021,2012,1130.0
53025,2016,1130.0
37127,2010,1130.0
37025,2011,1129.0
42089,2014,1129.0
38035,2014,1129.0
23001,2015,1128.0
55131,2016,1127.0
18105,2012,1127.0
27019,2010,1126.0
9013,2016,1126.0
48485,2016,1125.0
47009,2012,1125.0
6055,2013,1122.0
39103,2015,1122.0
51061,2012,1121.0
45051,2011,1121.0
54003,2014,1121.0
18019,2016,1120.0
1101,2016,1119.0
37191,2011,1118.0
37089,2013,1118.0
1081,2011,1118.0
26077,2016,1117.0
22073,2012,1117.0
19193,2014,1117.0
53077,2014,1116.0
4027,2010,1116.0
36053,2016,1115.0
17167,2014,1115.0
28089,2010,1114.0
53077,2015,1114.0
15001,2010,1111.0
12021,2011,1110.0
6047,2014,1110.0
5125,2013,1109.0
27109,2016,1109.0
33017,2010,1109.0
9015,2013,1109.0
39173,2014,1107.0
51650,2014,1107.0
48135,2011,1107.0
39057,2015,1106.0
55027,2010,1104.0
5045,2010,1103.0
22015,2016,1103.0
18157,2012,1102.0
4015,2015,1102.0
15009,2016,1101.0
1101,2011,1101.0
27139,2010,1100.0
13247,2013,1100.0
23019,2013,1100.0
27145,2016,1099.0
33017,2011,1099.0
1003,2014,1099.0
23019,2011,1098.0
39089,2016,1098.0
55039,2013,1098.0
18039,2014,1095.0
53005,2012,1095.0
42027,2012,1094.0
28047,2015,1093.0
16019,2012,1093.0
18081,2015,1092.0
30111,2010,1091.0
22005,2010,1091.0
47179,2016,1090.0
55059,2015,1090.0
9013,2015,1089.0
17113,2015,1089.0
35049,2013,1089.0
21015,2012,1088.0
45041,2013,1087.0
46103,2012,1087.0
48213,2012,1087.0
29165,2016,1087.0
49053,2013,1086.0
42075,2011,1086.0
51003,2014,1085.0
26145,2014,1085.0
13097,2014,1084.0
39109,2014,1084.0
13045,2015,1083.0
35043,2014,1083.0
26021,2012,1083.0
45015,2012,1082.0
6025,2013,1082.0
23001,2013,1081.0
53073,2011,1081.0
16027,2011,1081.0
24009,2014,1080.0
40017,2010,1080.0
46103,2010,1079.0
45075,2013,1079.0
35043,2016,1079.0
37049,2014,1079.0
48181,2015,1079.0
15001,2014,1078.0
27171,2011,1078.0
41059,2015,1077.0
39173,2012,1076.0
36065,2013,1076.0
39089,2010,1076.0
35043,2012,1075.0
21151,2010,1075.0
1055,2016,1074.0
22063,2014,1074.0
39139,2013,1074.0
5031,2015,1073.0
4021,2014,1073.0
26037,2013,1072.0
20209,2016,1072.0
21037,2011,1071.0
30031,2014,1071.0
12097,2011,1071.0
48329,2012,1070.0
19013,2010,1069.0
47125,2012,1069.0
13113,2014,1069.0
42107,2011,1068.0
55073,2014,1068.0
53005,2015,1068.0
55131,2013,1068.0
5045,2016,1067.0
51680,2014,1066.0
36065,2015,1065.0
53073,2012,1065.0
39025,2010,1064.0
41003,2014,1063.0
42055,2015,1063.0
18157,2016,1062.0
33013,2014,1062.0
1015,2013,1061.0
26021,2015,1059.0
19169,2012,1059.0
29021,2014,1059.0
55039,2016,1058.0
28121,2013,1058.0
17179,2010,1057.0
49005,2011,1057.0
47189,2010,1056.0
36079,2016,1056.0
26121,2015,1055.0
51700,2013,1055.0
51650,2016,1055.0
55101,2010,1051.0
6057,2012,1051.0
51061,2015,1050.0
55105,2011,1050.0
27145,2012,1050.0
13139,2015,1048.0
21093,2015,1048.0
4015,2013,1048.0
56025,2016,1046.0
27137,2013,1046.0
51069,2013,1045.0
48441,2014,1045.0
51085,2012,1045.0
29037,2012,1044.0
13021,2014,1043.0
22055,2015,1043.0
19103,2015,1043.0
13215,2014,1042.0
37001,2012,1042.0
6057,2010,1041.0
51177,2016,1041.0
17037,2010,1041.0
21037,2012,1041.0
42051,2011,1040.0
51740,2010,1040.0
42007,2015,1039.0
26147,2013,1039.0
6107,2016,1039.0
6039,2016,1037.0
42055,2010,1037.0
15001,2016,1037.0
16055,2011,1037.0
41053,2010,1037.0
22019,2011,1035.0
51179,2010,1033.0
55059,2014,1033.0
6023,2011,1032.0
55139,2013,1032.0
23019,2015,1031.0
54061,2012,1031.0
36109,2015,1031.0
26021,2013,1031.0
48139,2012,1030.0
5007,2016,1030.0
12091,2012,1030.0
26017,2012,1029.0
51003,2015,1028.0
48251,2013,1028.0
33009,2011,1028.0
18157,2010,1028.0
26017,2013,1027.0
22063,2015,1027.0
5143,2013,1027.0
35043,2015,1025.0
34041,2012,1024.0
36063,2013,1022.0
29021,2013,1021.0
19103,2010,1020.0
40131,2010,1020.0
18157,2014,1020.0
22015,2011,1020.0
12019,2013,1020.0
26077,2010,1019.0
37195,2011,1019.0
27013,2013,1019.0
36075,2015,1019.0
51177,2010,1018.0
29071,2011,1017.0
27013,2014,1017.0
36083,2010,1015.0
56025,2012,1015.0
13113,2013,1015.0
1103,2011,1014.0
48451,2015,1014.0
21037,2013,1013.0
5007,2015,1013.0
55035,2014,1013.0
12113,2014,1012.0
42007,2016,1011.0
22005,2011,1010.0
12113,2016,1009.0
4015,2012,1009.0
45003,2012,1008.0
48091,2012,1008.0
29051,2012,1008.0
40131,2014,1007.0
21029,2016,1007.0
18127,2012,1007.0
22105,2013,1006.0
34009,2012,1006.0
47163,2013,1003.0
17037,2013,1003.0
36013,2013,1002.0
6039,2013,1002.0
41047,2013,1001.0
42025,2016,1001.0
23019,2016,1000.0
18127,2011,1000.0
5131,2015,999.0
22063,2011,998.0
13059,2015,997.0
17113,2011,997.0
39109,2012,997.0
48451,2010,996.0
36069,2010,995.0
47165,2011,994.0
39133,2013,994.0
1125,2013,994.0
15009,2012,994.0
42013,2010,993.0
48397,2010,992.0
51069,2014,992.0
18039,2015,992.0
37085,2011,990.0
56021,2015,989.0
21227,2010,987.0
49005,2014,987.0
51085,2014,987.0
6057,2015,987.0
48381,2015,986.0
41071,2012,986.0
13247,2011,986.0
21037,2016,986.0
2170,2012,985.0
36069,2013,985.0
47125,2014,985.0
35049,2010,985.0
13077,2010,984.0
33017,2012,983.0
55063,2014,983.0
55131,2015,982.0
27019,2011,982.0
42041,2011,981.0
16055,2015,981.0
48213,2016,981.0
40017,2012,981.0
37133,2012,981.0
13077,2015,980.0
1015,2011,980.0
48251,2015,980.0
29071,2015,979.0
5007,2010,978.0
48375,2015,978.0
19013,2015,977.0
37135,2016,977.0
27137,2014,975.0
4005,2014,974.0
55039,2014,974.0
36063,2015,973.0
37101,2011,973.0
20045,2015,972.0
34041,2010,971.0
13217,2010,971.0
17115,2010,970.0
6055,2011,970.0
42027,2016,970.0
6089,2012,970.0
18157,2013,969.0
26025,2011,968.0
19155,2016,968.0
21015,2011,968.0
29037,2014,968.0
36045,2012,968.0
13021,2015,967.0
36069,2016,966.0
37035,2014,966.0
37089,2012,966.0
42013,2014,965.0
55063,2012,964.0
29043,2014,964.0
42007,2013,963.0
40017,2014,963.0
48251,2011,961.0
37001,2014,961.0
39045,2013,961.0
24015,2015,960.0
26021,2016,960.0
19169,2016,958.0
27171,2016,957.0
26115,2013,957.0
42021,2010,956.0
17113,2014,956.0
9015,2015,955.0
40145,2010,955.0
2170,2014,954.0
19155,2014,952.0
53067,2012,952.0
53005,2014,951.0
28047,2016,951.0
13021,2013,951.0
18019,2014,951.0
39173,2015,949.0
12085,2013,949.0
39029,2010,949.0
24037,2012,948.0
35043,2013,947.0
19061,2015,947.0
36089,2010,946.0
48245,2013,946.0
26111,2011,946.0
44003,2015,944.0
55101,2014,943.0
1081,2013,943.0
56021,2010,942.0
6089,2013,942.0
51179,2015,942.0
1003,2010,940.0
27013,2012,939.0
55059,2012,939.0
47125,2010,939.0
13185,2012,939.0
55139,2015,939.0
5031,2013,939.0
12085,2015,938.0
47009,2010,938.0
51061,2013,938.0
5085,2015,938.0
48187,2012,938.0
55127,2015,937.0
22019,2014,936.0
37147,2014,936.0
19103,2013,936.0
1055,2014,936.0
36105,2012,936.0
4027,2011,936.0
27137,2015,935.0
51179,2014,933.0
12091,2014,931.0
10005,2013,929.0
13073,2016,929.0
55089,2014,929.0
29071,2016,927.0
48441,2013,927.0
55131,2012,927.0
28033,2010,926.0
39003,2011,925.0
55063,2010,925.0
36089,2011,925.0
42063,2011,924.0
18085,2015,924.0
1077,2014,924.0
51085,2013,923.0
39139,2016,921.0
37135,2014,921.0
26055,2011,921.0
56021,2013,920.0
19193,2011,919.0
13095,2011,919.0
40031,2013,919.0
26103,2016,918.0
12053,2012,918.0
45007,2014,918.0
51161,2016,918.0
26077,2011,917.0
39133,2011,917.0
13223,2016,917.0
1055,2013,916.0
33009,2013,916.0
13185,2015,916.0
24009,2015,915.0
51179,2011,915.0
41019,2015,915.0
36007,2010,915.0
42001,2010,914.0
19155,2015,914.0
40131,2013,914.0
54061,2011,913.0
29097,2011,913.0
42089,2010,912.0
27019,2012,911.0
19163,2013,911.0
18039,2010,910.0
51085,2010,910.0
18019,2015,910.0
26147,2016,909.0
18081,2013,909.0
9015,2016,909.0
51650,2011,909.0
12085,2014,908.0
42097,2010,908.0
26091,2012,908.0
13073,2013,906.0
33005,2016,906.0
40037,2010,906.0
51177,2014,905.0
20209,2010,905.0
29021,2012,903.0
6047,2016,903.0
18019,2012,902.0
26147,2010,902.0
18063,2010,902.0
26147,2015,902.0
53077,2013,901.0
36093,2016,901.0
13139,2014,901.0
12061,2013,901.0
42075,2014,901.0
26045,2012,900.0
28081,2016,900.0
37159,2011,900.0
37035,2011,900.0
26075,2012,899.0
5007,2013,899.0
48187,2013,897.0
37097,2013,897.0
51161,2011,897.0
1015,2015,896.0
48397,2015,896.0
48187,2010,895.0
24015,2016,895.0
35013,2015,895.0
51770,2014,894.0
22019,2015,893.0
21093,2013,893.0
6025,2010,891.0
16019,2015,891.0
21151,2014,891.0
13217,2013,891.0
55131,2010,890.0
40131,2015,890.0
10005,2010,889.0
20209,2015,889.0
1069,2016,888.0
38017,2015,888.0
42051,2016,887.0
40037,2016,887.0
55059,2016,887.0
22057,2013,887.0
42021,2014,886.0
21093,2012,885.0
26045,2015,885.0
19193,2016,885.0
47189,2012,884.0
19013,2016,884.0
18095,2016,882.0
21037,2010,882.0
55039,2010,882.0
48135,2012,881.0
23001,2014,881.0
26055,2016,881.0
55073,2011,880.0
18039,2013,880.0
12005,2010,880.0
15001,2015,880.0
12061,2011,879.0
46103,2014,878.0
44009,2013,877.0
47155,2012,876.0
37159,2014,876.0
5131,2016,875.0
13215,2010,875.0
34009,2011,875.0
17099,2013,874.0
41043,2012,874.0
27145,2010,873.0
51061,2010,873.0
42081,2015,873.0
55127,2012,873.0
18081,2012,872.0
40119,2015,872.0
18167,2014,872.0
51650,2010,871.0
37001,2013,871.0
35045,2011,870.0
47189,2015,870.0
35031,2015,870.0
6039,2010,870.0
48187,2016,869.0
55087,2016,868.0
51179,2013,868.0
38015,2013,867.0
27019,2014,867.0
26021,2010,866.0
12053,2016,866.0
23001,2010,866.0
36075,2014,866.0
36109,2016,866.0
1115,2016,866.0
42107,2015,866.0
6045,2015,865.0
17037,2011,865.0
26075,2013,865.0
8101,2012,864.0
24045,2010,864.0
48245,2015,863.0
47009,2011,863.0
44009,2016,863.0
6023,2014,863.0
5007,2012,862.0
12061,2012,862.0
51165,2012,862.0
22005,2012,861.0
39003,2014,861.0
28059,2012,860.0
29071,2014,860.0
48441,2010,860.0
36105,2010,859.0
55117,2014,859.0
22015,2015,859.0
39045,2012,858.0
56021,2012,858.0
33017,2016,857.0
24009,2012,857.0
6107,2012,857.0
48231,2016,856.0
29165,2011,855.0
36013,2010,855.0
45077,2012,853.0
30013,2016,853.0
36015,2015,852.0
39173,2013,852.0
22019,2010,852.0
18067,2013,851.0
53005,2013,851.0
25011,2015,849.0
26075,2014,848.0
18095,2015,848.0
55127,2010,848.0
4027,2016,846.0
42013,2013,846.0
4027,2014,845.0
13297,2015,845.0
13113,2011,845.0
18063,2013,844.0
33013,2012,843.0
24015,2013,842.0
10001,2015,842.0
42037,2011,841.0
39085,2012,840.0
28089,2014,840.0
48375,2010,840.0
39007,2014,839.0
48251,2016,839.0
27019,2016,838.0
42063,2016,838.0
26091,2010,838.0
17001,2011,837.0
20209,2012,837.0
37001,2016,836.0
40119,2016,836.0
12085,2010,836.0
29031,2011,835.0
37001,2010,835.0
40145,2012,834.0
22015,2012,834.0
40119,2012,833.0
1101,2010,833.0
39119,2014,833.0
51179,2016,833.0
26115,2012,832.0
29037,2013,832.0
2170,2010,831.0
1003,2013,831.0
40037,2011,830.0
54003,2012,830.0
48479,2012,829.0
1081,2012,829.0
42055,2013,828.0
17099,2010,827.0
1095,2010,827.0
42021,2011,827.0
6039,2012,826.0
42021,2013,826.0
19013,2014,825.0
22015,2014,824.0
18035,2014,824.0
53077,2010,824.0
8101,2010,824.0
12017,2010,823.0
23019,2014,823.0
18167,2012,823.0
22079,2015,823.0
2090,2010,821.0
13153,2010,820.0
48367,2015,820.0
44009,2015,820.0
16005,2012,819.0
27171,2013,818.0
42089,2015,818.0
54011,2014,818.0
39029,2013,816.0
36105,2015,816.0
29097,2015,816.0
9015,2012,816.0
55039,2012,815.0
42073,2013,815.0
37109,2013,815.0
41043,2014,814.0
37085,2015,814.0
13215,2012,814.0
26017,2015,814.0
12015,2013,813.0
13045,2010,813.0
29031,2014,813.0
15009,2010,813.0
55055,2012,812.0
23011,2011,812.0
13021,2011,810.0
39139,2015,810.0
39155,2013,810.0
17113,2016,809.0
21037,2015,808.0
39013,2010,808.0
48251,2014,807.0
13059,2013,807.0
51740,2014,807.0
26147,2012,806.0
6039,2014,805.0
46103,2013,805.0
37097,2014,804.0
12035,2014,804.0
28059,2015,804.0
18039,2011,803.0
48135,2015,803.0
29071,2012,801.0
12017,2016,801.0
4017,2015,801.0
22019,2013,800.0
48257,2010,798.0
20103,2014,798.0
26017,2014,797.0
42021,2015,797.0
17115,2013,796.0
27131,2014,796.0
53057,2010,795.0
42007,2010,794.0
28033,2015,794.0
19169,2015,794.0
28033,2013,793.0
23011,2013,793.0
17115,2011,792.0
36117,2011,792.0
12053,2015,791.0
48441,2016,791.0
48329,2013,791.0
37001,2011,790.0
10001,2014,789.0
12053,2010,789.0
55055,2014,788.0
44009,2012,788.0
55035,2015,788.0
1095,2012,788.0
45041,2012,787.0
41043,2013,786.0
54011,2013,785.0
37035,2015,785.0
36069,2015,785.0
12005,2013,785.0
24001,2012,784.0
12091,2013,784.0
48183,2011,784.0
47179,2012,783.0
38015,2014,783.0
54061,2010,783.0
48181,2014,783.0
1103,2010,783.0
49005,2015,783.0
12091,2011,782.0
47119,2015,782.0
6089,2011,781.0
37191,2010,781.0
18039,2012,780.0
1015,2010,779.0
22019,2012,778.0
22079,2014,777.0
48451,2012,777.0
28033,2012,777.0
37109,2015,777.0
17179,2015,777.0
55097,2013,776.0
17115,2015,776.0
38101,2014,775.0
13021,2016,775.0
36013,2014,774.0
42027,2010,774.0
18127,2013,774.0
36101,2015,773.0
39013,2013,773.0
13073,2010,772.0
47011,2015,771.0
18039,2016,771.0
39169,2014,770.0
54003,2015,770.0
51165,2015,770.0
53005,2011,769.0
30029,2012,769.0
42081,2012,769.0
37101,2015,768.0
10001,2012,767.0
42007,2012,767.0
39109,2016,767.0
12015,2012,767.0
36117,2016,767.0
49053,2010,766.0
6023,2013,766.0
37133,2010,766.0
39109,2015,765.0
18095,2011,764.0
1081,2014,764.0
55027,2012,763.0
48231,2011,763.0
26037,2011,763.0
2170,2011,763.0
55027,2014,762.0
40145,2016,761.0
18091,2016,760.0
37045,2013,760.0
24043,2012,759.0
1095,2013,758.0
30111,2013,757.0
18167,2011,756.0
26121,2016,756.0
21227,2014,756.0
42051,2012,755.0
42073,2016,754.0
30013,2011,754.0
39157,2015,753.0
45041,2014,753.0
16055,2013,753.0
39109,2013,752.0
13297,2010,752.0
30031,2016,751.0
33005,2010,751.0
18157,2011,750.0
48245,2016,750.0
36051,2012,750.0
17115,2014,750.0
40017,2015,749.0
29021,2015,749.0
46103,2015,748.0
13021,2010,748.0
35043,2010,747.0
2170,2013,747.0
39157,2012,746.0
13015,2011,746.0
39157,2014,746.0
42021,2016,746.0
37019,2010,745.0
40131,2016,745.0
53077,2012,745.0
22005,2014,744.0
38015,2016,744.0
18095,2012,744.0
55073,2012,744.0
17001,2013,742.0
47147,2010,742.0
55055,2011,741.0
26017,2010,740.0
39169,2012,740.0
55089,2013,740.0
19013,2012,740.0
48451,2014,740.0
26055,2013,739.0
39007,2015,737.0
24037,2010,737.0
39141,2015,737.0
18167,2016,736.0
18019,2013,736.0
30013,2012,735.0
42107,2013,735.0
19049,2010,735.0
55097,2011,734.0
5031,2014,734.0
48485,2012,734.0
36109,2010,734.0
51019,2012,732.0
40145,2014,732.0
12091,2015,732.0
13115,2016,731.0
25003,2016,730.0
39007,2013,730.0
30031,2012,730.0
53007,2013,730.0
37057,2016,729.0
47125,2011,728.0
40145,2015,728.0
18095,2014,728.0
36051,2013,727.0
18095,2013,727.0
1055,2015,725.0
48041,2010,724.0
56025,2015,724.0
55039,2011,724.0
19193,2012,724.0
28033,2011,723.0
54107,2015,723.0
42085,2010,723.0
39081,2011,723.0
48367,2010,723.0
42081,2010,723.0
36045,2014,721.0
36075,2013,721.0
29071,2013,721.0
53029,2014,721.0
55097,2012,720.0
36045,2013,720.0
37049,2010,720.0
55039,2015,720.0
42075,2013,719.0
6039,2011,718.0
33009,2014,718.0
44009,2014,718.0
1101,2014,718.0
55035,2016,718.0
42007,2014,717.0
30013,2010,717.0
44009,2011,716.0
42073,2011,716.0
42063,2013,716.0
17161,2016,716.0
39139,2010,715.0
22063,2010,714.0
17099,2016,714.0
12091,2016,714.0
26121,2010,713.0
5007,2011,713.0
22097,2015,713.0
36075,2010,713.0
21029,2012,712.0
40145,2013,712.0
5085,2016,711.0
12113,2013,711.0
26021,2014,710.0
22015,2013,710.0
42075,2012,710.0
19169,2014,709.0
34033,2013,709.0
26045,2014,708.0
38015,2012,708.0
17091,2010,708.0
5131,2013,708.0
53027,2012,708.0
49053,2012,707.0
55109,2015,707.0
26005,2014,707.0
39139,2012,706.0
36015,2016,706.0
36089,2014,705.0
17091,2013,705.0
15009,2013,705.0
44005,2016,704.0
34011,2010,704.0
37001,2015,704.0
42001,2016,703.0
55027,2015,703.0
4027,2015,703.0
36015,2010,703.0
4025,2012,703.0
36101,2013,703.0
30013,2013,701.0
4003,2013,701.0
17179,2012,700.0
6055,2016,700.0
44009,2010,699.0
28059,2010,699.0
37019,2013,699.0
29031,2013,699.0
54033,2014,698.0
48381,2016,698.0
48451,2011,698.0
39169,2016,698.0
27171,2010,697.0
20209,2011,697.0
1115,2010,697.0
51770,2012,696.0
36053,2014,695.0
55117,2011,695.0
21151,2012,694.0
42027,2014,693.0
5131,2014,693.0
48375,2011,693.0
29021,2010,693.0
55109,2011,693.0
47147,2013,691.0
12097,2015,691.0
40031,2010,691.0
37109,2016,691.0
51800,2014,690.0
26155,2014,690.0
15007,2010,690.0
42085,2015,690.0
12061,2010,690.0
19155,2012,689.0
27013,2015,689.0
26121,2014,689.0
23011,2015,688.0
39157,2016,688.0
18127,2015,687.0
44005,2014,686.0
26055,2015,686.0
54107,2012,686.0
16083,2014,686.0
48367,2014,685.0
51161,2013,685.0
47147,2015,684.0
48041,2014,683.0
41043,2011,683.0
30029,2015,683.0
26075,2016,683.0
39029,2012,682.0
42111,2013,682.0
17037,2015,682.0
55101,2011,681.0
39055,2014,681.0
55089,2015,681.0
48367,2011,681.0
36011,2014,681.0
42021,2012,680.0
28059,2013,680.0
33017,2015,678.0
26115,2016,678.0
51700,2014,678.0
33005,2015,677.0
22057,2016,677.0
16083,2015,677.0
22109,2014,676.0
13013,2015,676.0
36013,2016,675.0
1069,2012,675.0
42081,2016,674.0
41071,2013,674.0
1077,2012,673.0
45077,2011,673.0
42025,2013,672.0
37089,2016,672.0
47179,2014,671.0
9015,2014,671.0
54003,2010,671.0
37191,2014,670.0
1069,2010,670.0
37035,2013,669.0
39029,2016,669.0
42081,2013,669.0
37151,2015,668.0
45035,2016,668.0
26147,2011,668.0
1069,2013,668.0
34011,2014,668.0
26005,2016,667.0
51770,2013,666.0
36045,2010,666.0
48479,2014,666.0
36089,2016,666.0
29097,2016,666.0
17199,2015,665.0
48135,2014,664.0
26037,2014,664.0
22057,2015,663.0
48251,2010,663.0
41019,2014,662.0
48479,2015,661.0
36075,2011,661.0
40145,2011,661.0
36117,2014,661.0
37071,2010,659.0
25011,2013,659.0
55035,2011,658.0
27171,2014,658.0
45007,2016,658.0
21151,2016,657.0
6045,2011,657.0
46103,2016,656.0
36117,2015,655.0
13073,2014,655.0
19193,2013,654.0
24015,2014,653.0
22109,2011,652.0
13297,2016,652.0
48183,2016,652.0
15001,2012,652.0
18043,2014,652.0
42085,2016,651.0
48381,2011,650.0
36053,2011,650.0
45075,2012,649.0
40031,2011,649.0
33009,2010,648.0
12005,2016,648.0
6031,2014,648.0
39043,2013,648.0
40131,2011,647.0
53015,2012,647.0
26121,2012,646.0
13153,2015,645.0
24017,2012,645.0
35049,2011,644.0
12113,2012,644.0
37019,2014,644.0
39023,2014,644.0
26073,2011,643.0
26091,2016,643.0
47119,2013,643.0
42081,2014,643.0
19013,2011,641.0
6057,2014,640.0
42081,2011,640.0
5051,2014,640.0
48257,2012,639.0
4003,2010,639.0
17091,2016,638.0
18085,2012,638.0
37049,2016,637.0
26037,2016,637.0
51740,2012,637.0
40017,2011,637.0
1069,2011,636.0
39109,2011,636.0
1015,2014,636.0
26159,2011,635.0
22057,2012,635.0
6023,2015,634.0
24015,2010,634.0
37127,2011,633.0
16005,2013,633.0
21059,2012,632.0
18177,2013,632.0
48469,2011,631.0
51015,2010,631.0
38035,2016,630.0
26045,2011,629.0
37151,2013,629.0
18043,2013,629.0
39055,2016,629.0
26111,2016,628.0
18035,2010,627.0
53057,2014,627.0
22079,2011,627.0
51085,2011,627.0
6047,2013,627.0
29021,2016,626.0
39169,2010,626.0
28059,2016,626.0
1083,2013,625.0
37127,2015,625.0
24043,2016,624.0
6039,2015,624.0
12087,2015,624.0
41019,2013,623.0
9015,2010,622.0
39003,2013,622.0
26055,2014,621.0
26017,2016,621.0
26159,2010,621.0
33009,2012,621.0
13013,2016,621.0
16019,2014,620.0
54011,2011,619.0
37085,2014,619.0
21059,2015,618.0
4005,2010,618.0
30013,2015,618.0
41059,2010,617.0
5085,2012,617.0
1103,2012,617.0
36019,2014,616.0
39003,2016,615.0
54107,2013,615.0
44005,2012,614.0
21015,2014,614.0
23001,2016,614.0
22079,2016,613.0
10001,2013,613.0
51770,2016,612.0
47113,2011,612.0
39023,2012,612.0
54033,2013,612.0
4005,2015,612.0
55089,2011,611.0
27141,2016,611.0
18067,2015,610.0
24001,2015,610.0
48257,2013,610.0
53057,2015,609.0
21185,2016,609.0
26103,2010,609.0
19155,2013,609.0
18053,2012,609.0
48479,2011,609.0
16005,2015,608.0
55117,2016,608.0
37191,2016,608.0
51069,2016,608.0
30031,2013,607.0
36019,2012,607.0
51700,2011,607.0
26025,2015,606.0
40131,2012,606.0
23003,2010,606.0
53057,2016,605.0
33005,2012,605.0
51069,2010,604.0
49005,2012,603.0
55073,2013,603.0
37097,2016,602.0
55141,2010,602.0
55127,2016,602.0
19193,2015,601.0
38015,2010,601.0
48231,2015,600.0
48257,2016,600.0
39119,2012,600.0
42037,2014,600.0
24001,2014,599.0
42075,2015,599.0
47163,2016,599.0
23011,2012,598.0
36117,2012,598.0
37157,2013,597.0
36113,2014,597.0
55035,2012,596.0
39029,2015,596.0
45041,2010,595.0
21037,2014,595.0
55117,2012,594.0
4015,2014,593.0
26005,2012,592.0
39119,2016,592.0
51019,2014,592.0
10005,2014,591.0
36045,2015,590.0
39119,2015,590.0
48091,2013,590.0
45007,2010,589.0
17115,2012,589.0
42085,2012,589.0
53009,2012,589.0
13115,2011,588.0
41071,2015,588.0
55089,2016,587.0
40101,2014,587.0
33005,2011,587.0
51740,2016,585.0
17183,2010,585.0
38035,2013,585.0
26091,2011,584.0
15009,2014,584.0
26091,2013,583.0
55127,2011,583.0
51085,2016,583.0
49005,2016,582.0
26147,2014,581.0
55035,2013,581.0
36101,2014,581.0
55027,2016,580.0
24045,2011,580.0
34033,2012,580.0
48441,2015,580.0
42063,2015,579.0
34009,2015,579.0
36109,2011,579.0
6031,2012,579.0
1069,2014,579.0
24009,2013,578.0
38015,2011,578.0
51061,2014,578.0
39139,2014,577.0
26005,2013,577.0
42107,2012,577.0
28121,2015,576.0
51061,2016,575.0
42111,2010,575.0
19155,2011,575.0
48381,2010,575.0
48329,2015,575.0
55027,2013,574.0
17091,2011,574.0
26103,2011,573.0
51019,2015,573.0
26159,2013,572.0
54033,2015,572.0
37151,2011,571.0
37133,2013,571.0
41059,2013,571.0
36013,2011,570.0
36113,2016,570.0
55141,2013,570.0
6055,2015,570.0
17183,2015,569.0
48381,2012,569.0
22105,2011,569.0
16019,2016,568.0
47011,2016,568.0
36015,2012,567.0
51800,2012,567.0
36051,2011,567.0
1015,2016,566.0
34011,2013,565.0
26025,2012,565.0
39003,2010,565.0
40037,2014,565.0
26103,2015,565.0
9015,2011,565.0
29051,2013,564.0
55097,2015,564.0
47001,2012,564.0
24037,2016,564.0
21227,2012,564.0
36089,2012,564.0
4005,2013,563.0
26121,2011,563.0
37031,2013,563.0
18091,2012,562.0
4003,2016,562.0
45035,2012,562.0
37151,2016,562.0
36101,2012,562.0
19049,2015,562.0
55109,2012,561.0
51165,2013,561.0
55097,2010,560.0
42005,2016,560.0
42037,2015,559.0
30029,2016,559.0
48183,2010,559.0
45085,2013,556.0
29043,2016,556.0
6025,2011,556.0
42055,2016,556.0
54107,2016,554.0
29043,2010,553.0
36089,2015,553.0
39023,2015,553.0
54061,2014,553.0
35045,2016,551.0
5031,2016,551.0
37159,2012,551.0
26045,2013,550.0
45003,2015,550.0
38035,2010,549.0
34011,2011,549.0
24009,2010,549.0
39029,2014,549.0
37085,2016,549.0
8077,2012,549.0
48183,2012,548.0
21029,2013,548.0
36019,2016,548.0
1083,2012,547.0
42001,2012,547.0
13115,2010,546.0
1003,2016,546.0
42039,2010,546.0
39169,2011,545.0
39109,2010,544.0
55055,2016,544.0
53057,2012,544.0
13059,2011,543.0
1055,2012,542.0
22079,2010,542.0
37089,2014,542.0
36011,2011,542.0
45003,2016,541.0
18043,2016,541.0
16005,2011,541.0
41059,2012,540.0
1103,2016,540.0
26155,2012,540.0
39155,2014,540.0
18085,2011,539.0
37019,2012,539.0
36045,2011,538.0
36117,2010,538.0
21151,2011,538.0
42051,2015,538.0
23003,2015,537.0
34009,2016,535.0
35045,2010,535.0
37109,2010,535.0
37159,2016,534.0
30029,2010,533.0
24045,2013,533.0
27131,2013,533.0
47009,2013,533.0
41003,2012,532.0
36019,2011,532.0
29037,2016,532.0
4005,2012,532.0
45077,2013,532.0
22057,2011,532.0
39157,2013,530.0
2090,2015,530.0
18043,2012,530.0
12015,2014,530.0
42033,2012,530.0
29031,2010,530.0
42001,2015,529.0
26115,2010,529.0
5085,2014,529.0
48309,2011,529.0
36101,2010,529.0
29051,2015,528.0
37155,2012,528.0
36013,2012,528.0
36105,2011,528.0
42073,2012,527.0
53021,2016,527.0
42013,2012,527.0
17183,2014,527.0
18091,2013,527.0
34009,2014,526.0
37089,2015,526.0
19049,2013,526.0
39055,2011,525.0
36019,2010,524.0
23003,2011,524.0
21151,2013,524.0
39045,2011,524.0
53041,2016,524.0
53029,2015,523.0
39145,2016,523.0
42037,2016,522.0
40031,2016,521.0
42085,2014,521.0
26103,2012,521.0
37151,2010,521.0
51740,2015,520.0
55089,2010,520.0
22079,2012,520.0
48181,2013,519.0
12015,2010,519.0
39007,2010,519.0
18109,2015,518.0
40031,2014,517.0
25011,2014,517.0
26103,2013,515.0
1103,2015,515.0
26111,2012,515.0
40125,2011,513.0
56025,2014,512.0
48375,2013,512.0
5031,2010,511.0
39157,2011,508.0
42005,2010,507.0
48469,2010,507.0
42073,2014,507.0
35045,2013,506.0
41035,2015,506.0
23003,2012,505.0
55141,2016,504.0
36013,2015,503.0
4027,2013,503.0
1069,2015,503.0
55071,2011,502.0
26073,2010,502.0
17183,2011,502.0
17091,2015,502.0
39081,2014,502.0
16083,2016,502.0
55073,2010,501.0
45077,2015,500.0
1095,2011,499.0
51800,2015,499.0
33005,2014,498.0
51740,2013,498.0
40101,2013,498.0
26155,2016,497.0
26075,2011,497.0
26021,2011,496.0
34009,2013,495.0
37089,2011,495.0
42013,2016,494.0
26005,2011,493.0
36015,2013,492.0
16083,2010,492.0
13115,2014,492.0
1043,2012,492.0
26111,2014,492.0
47011,2014,492.0
36105,2014,492.0
45041,2015,492.0
42097,2015,491.0
5085,2010,491.0
29031,2012,490.0
26091,2015,490.0
42037,2013,490.0
37035,2010,490.0
40037,2013,489.0
38015,2015,489.0
16055,2010,488.0
4005,2011,488.0
40101,2016,488.0
38101,2015,487.0
55027,2011,487.0
26005,2015,487.0
37191,2012,487.0
40125,2014,487.0
4017,2014,487.0
48231,2012,486.0
37035,2012,486.0
17001,2010,486.0
26155,2013,486.0
22109,2015,486.0
26055,2012,485.0
26115,2015,485.0
51740,2011,485.0
53015,2014,484.0
37127,2014,484.0
55071,2015,484.0
6025,2012,483.0
22057,2010,482.0
22105,2012,482.0
5031,2012,482.0
6025,2015,481.0
28047,2012,481.0
26073,2014,481.0
54107,2010,480.0
21059,2016,480.0
17001,2014,480.0
34011,2015,480.0
36053,2012,479.0
24045,2014,478.0
24009,2016,477.0
27141,2012,476.0
55141,2014,475.0
13015,2014,475.0
37057,2012,475.0
33005,2013,475.0
33009,2015,473.0
53041,2013,472.0
33009,2016,471.0
13045,2013,471.0
29071,2010,471.0
16005,2016,470.0
39029,2011,469.0
29043,2012,469.0
35025,2015,469.0
48183,2013,468.0
39063,2015,467.0
13297,2013,467.0
40125,2012,467.0
39043,2016,466.0
23011,2016,466.0
22079,2013,465.0
16019,2013,465.0
55073,2015,465.0
39013,2012,464.0
47113,2012,463.0
19169,2010,463.0
42033,2015,463.0
17091,2014,462.0
42039,2011,461.0
13013,2013,461.0
20015,2013,460.0
26087,2016,460.0
48181,2012,460.0
53015,2015,459.0
17099,2012,459.0
22109,2012,459.0
19049,2014,458.0
45077,2016,458.0
53009,2016,458.0
34033,2011,457.0
13095,2010,457.0
53009,2013,457.0
6047,2015,456.0
37159,2013,455.0
36053,2015,455.0
55073,2016,455.0
48469,2015,454.0
39023,2016,453.0
22063,2013,453.0
37155,2014,453.0
1103,2014,452.0
16005,2014,452.0
28033,2016,452.0
56025,2011,451.0
18109,2013,450.0
18085,2014,449.0
39023,2011,448.0
47119,2016,448.0
55109,2010,448.0
47125,2016,447.0
18167,2010,447.0
37023,2015,447.0
48257,2011,447.0
36019,2013,445.0
36075,2012,445.0
36075,2016,445.0
53009,2014,444.0
18177,2012,444.0
26087,2013,443.0
40125,2013,443.0
48361,2016,443.0
18109,2012,443.0
42001,2013,442.0
26025,2016,442.0
40031,2012,442.0
26087,2011,442.0
36011,2010,442.0
6031,2011,441.0
17037,2012,440.0
22109,2016,440.0
18167,2015,440.0
30031,2015,440.0
36053,2013,439.0
1083,2015,439.0
48257,2014,439.0
1077,2010,439.0
16083,2012,439.0
45085,2010,439.0
37157,2016,439.0
12053,2014,438.0
45077,2010,438.0
55141,2015,437.0
48037,2014,437.0
18019,2010,436.0
48213,2014,435.0
18091,2014,435.0
55055,2013,434.0
40101,2012,434.0
39055,2010,434.0
4005,2016,434.0
13185,2011,433.0
39023,2010,433.0
30029,2014,431.0
39141,2014,431.0
51165,2011,430.0
18091,2015,430.0
42033,2014,430.0
42075,2016,429.0
39043,2011,429.0
37109,2012,429.0
21059,2010,428.0
47009,2014,428.0
12061,2014,427.0
1049,2011,427.0
55109,2013,427.0
42001,2014,426.0
39063,2011,425.0
36053,2010,425.0
42085,2013,424.0
42073,2015,424.0
39169,2013,424.0
48441,2012,424.0
21029,2010,423.0
26075,2015,422.0
34011,2016,422.0
37097,2015,422.0
51019,2010,422.0
27141,2010,422.0
51161,2014,422.0
42039,2015,422.0
28047,2014,422.0
42107,2014,422.0
30031,2011,421.0
18035,2015,420.0
40037,2012,420.0
38035,2011,419.0
29043,2015,418.0
24045,2015,418.0
21047,2012,418.0
26025,2014,418.0
27131,2015,417.0
48361,2012,417.0
26055,2010,415.0
13013,2012,415.0
6101,2012,414.0
36009,2010,414.0
41071,2014,413.0
47147,2012,413.0
13013,2014,413.0
37127,2012,413.0
53029,2011,413.0
27141,2013,412.0
53015,2016,412.0
55141,2012,411.0
13313,2014,410.0
22097,2011,410.0
37159,2010,410.0
26073,2016,410.0
26025,2010,409.0
40125,2016,409.0
42073,2010,409.0
37023,2016,408.0
55109,2014,408.0
48251,2012,408.0
13045,2011,408.0
40119,2010,407.0
17093,2012,407.0
30111,2016,406.0
42097,2011,405.0
37085,2010,404.0
21059,2011,403.0
22109,2013,402.0
13153,2011,401.0
24015,2012,401.0
36051,2016,401.0
5085,2013,401.0
13185,2010,399.0
23003,2016,399.0
48213,2011,398.0
26073,2012,398.0
27131,2016,398.0
17099,2014,397.0
53029,2016,396.0
17199,2014,396.0
37031,2015,395.0
54061,2016,395.0
17001,2015,395.0
36045,2016,395.0
36101,2016,393.0
23003,2014,393.0
51800,2016,393.0
26087,2015,392.0
36015,2011,392.0
51015,2011,390.0
18167,2013,389.0
36089,2013,389.0
36015,2014,388.0
37045,2012,387.0
39081,2012,386.0
17001,2016,386.0
35045,2015,385.0
41019,2010,385.0
37171,2013,385.0
30031,2010,384.0
47119,2010,384.0
41059,2014,383.0
37045,2016,383.0
26103,2014,383.0
6101,2014,383.0
51165,2010,382.0
39043,2012,382.0
39007,2012,382.0
35045,2012,381.0
55141,2011,381.0
38035,2012,381.0
56025,2010,380.0
18091,2011,379.0
51650,2015,378.0
39119,2010,377.0
20103,2015,377.0
42027,2015,377.0
6055,2012,377.0
48231,2014,376.0
26111,2010,375.0
1083,2014,375.0
26017,2011,374.0
2090,2011,374.0
17115,2016,373.0
5131,2010,373.0
12017,2015,373.0
1043,2016,372.0
26073,2013,372.0
55117,2010,372.0
1095,2016,370.0
37155,2013,370.0
20015,2014,369.0
48329,2014,369.0
26087,2014,369.0
18177,2011,368.0
54107,2011,368.0
39055,2013,368.0
45035,2010,367.0
12087,2016,367.0
37195,2013,367.0
47113,2010,367.0
37171,2014,366.0
39119,2011,366.0
41071,2011,366.0
23003,2013,365.0
53025,2012,365.0
39157,2010,364.0
39081,2013,364.0
34033,2014,364.0
30049,2013,364.0
48375,2016,363.0
21059,2013,363.0
6025,2016,362.0
35025,2013,362.0
48469,2016,362.0
6031,2016,360.0
17037,2016,360.0
53057,2011,360.0
22105,2010,360.0
22097,2012,359.0
26155,2015,358.0
34009,2010,357.0
42005,2012,357.0
18043,2010,356.0
42037,2010,356.0
42005,2014,355.0
6101,2015,354.0
37097,2011,353.0
18035,2012,352.0
1115,2015,352.0
4017,2012,351.0
36011,2015,351.0
1055,2011,350.0
54033,2012,350.0
42063,2010,348.0
22105,2014,348.0
53057,2013,348.0
42051,2013,347.0
36051,2015,347.0
13153,2014,346.0
17099,2015,345.0
41043,2010,345.0
34011,2012,345.0
55117,2013,343.0
1077,2016,343.0
1103,2013,342.0
24015,2011,341.0
28081,2015,341.0
55071,2016,341.0
29021,2011,341.0
51165,2014,340.0
37127,2013,340.0
39133,2012,340.0
27141,2015,339.0
6025,2014,339.0
55055,2010,339.0
26091,2014,339.0
36113,2012,339.0
22105,2016,337.0
42005,2011,336.0
39013,2011,336.0
26121,2013,336.0
37159,2015,336.0
38101,2013,335.0
36113,2013,335.0
22109,2010,335.0
1015,2012,334.0
42107,2016,334.0
18177,2016,332.0
26159,2014,332.0
55071,2012,331.0
47113,2014,330.0
42085,2011,329.0
36051,2010,329.0
6031,2015,329.0
47011,2011,329.0
53021,2012,328.0
30013,2014,328.0
13297,2014,327.0
47113,2015,327.0
48479,2010,327.0
36009,2011,325.0
18035,2011,325.0
42033,2016,325.0
51161,2010,325.0
51161,2015,324.0
35045,2014,323.0
17091,2012,322.0
37195,2010,320.0
37085,2012,320.0
48181,2016,320.0
1077,2013,319.0
36101,2011,319.0
39043,2010,318.0
42097,2014,317.0
48135,2013,317.0
37157,2014,315.0
15007,2014,315.0
34033,2010,314.0
13115,2015,312.0
20015,2012,311.0
39169,2015,310.0
36011,2013,308.0
45077,2014,308.0
39101,2010,308.0
53041,2011,307.0
20015,2016,307.0
18053,2013,307.0
55097,2016,307.0
48183,2015,306.0
55127,2014,306.0
39081,2016,305.0
55097,2014,305.0
41043,2015,304.0
18091,2010,303.0
13095,2015,302.0
1095,2015,301.0
26037,2015,301.0
6031,2013,301.0
41043,2016,301.0
37109,2014,299.0
26087,2012,298.0
53041,2014,297.0
39055,2012,294.0
37031,2014,294.0
39003,2015,293.0
42111,2012,293.0
55089,2012,292.0
42039,2013,289.0
39081,2010,288.0
28059,2014,288.0
48291,2010,287.0
55071,2010,287.0
26111,2015,282.0
17001,2012,282.0
39063,2012,280.0
53015,2011,280.0
37155,2015,279.0
41019,2011,279.0
42001,2011,278.0
26037,2012,276.0
17183,2016,276.0
21059,2014,275.0
54033,2016,274.0
42033,2010,274.0
53025,2010,273.0
1121,2012,272.0
42005,2013,271.0
36009,2015,269.0
55071,2013,267.0
48361,2013,266.0
26045,2010,265.0
53009,2011,264.0
55055,2015,264.0
37031,2012,263.0
24037,2011,263.0
42033,2011,261.0
39007,2011,261.0
24045,2012,261.0
37031,2016,260.0
26025,2013,259.0
48037,2015,257.0
42039,2012,256.0
36009,2013,256.0
48469,2014,254.0
42039,2014,254.0
40125,2015,254.0
53041,2012,253.0
47147,2016,252.0
48231,2013,251.0
39119,2013,250.0
4003,2014,250.0
54107,2014,248.0
15007,2012,247.0
42063,2014,245.0
42111,2016,245.0
22045,2011,245.0
40037,2015,243.0
53041,2010,243.0
26111,2013,243.0
22045,2015,242.0
42037,2012,242.0
22097,2016,242.0
55117,2015,239.0
37155,2011,239.0
45085,2014,236.0
48037,2011,236.0
42063,2012,236.0
6101,2016,236.0
27141,2014,234.0
41003,2010,231.0
6101,2013,231.0
17179,2016,231.0
26037,2010,230.0
51019,2016,229.0
42097,2016,228.0
26159,2016,227.0
42111,2015,226.0
48367,2016,226.0
42111,2011,225.0
18177,2014,225.0
45085,2016,224.0
48037,2012,223.0
48469,2013,223.0
36009,2016,222.0
39013,2016,220.0
48409,2013,219.0
37045,2014,219.0
18043,2015,219.0
51019,2011,219.0
29031,2015,218.0
48213,2013,217.0
37171,2015,216.0
48375,2014,216.0
37157,2011,215.0
1043,2013,213.0
45041,2016,212.0
42039,2016,211.0
37171,2016,210.0
6031,2010,209.0
41019,2012,209.0
26087,2010,209.0
1095,2014,208.0
26155,2011,208.0
28081,2012,207.0
13185,2013,205.0
48181,2010,204.0
18035,2013,203.0
36009,2012,203.0
37133,2016,203.0
40125,2010,202.0
26073,2015,201.0
42033,2013,201.0
18035,2016,200.0
36009,2014,200.0
36011,2016,199.0
17183,2013,198.0
48409,2014,198.0
56025,2013,197.0
34033,2015,195.0
53025,2011,194.0
42097,2013,193.0
37155,2010,191.0
39007,2016,191.0
36051,2014,190.0
48409,2016,189.0
39013,2014,188.0
4017,2013,188.0
41019,2016,188.0
15007,2015,187.0
36011,2012,186.0
40101,2015,186.0
42097,2012,186.0
42055,2011,182.0
37155,2016,182.0
55071,2014,181.0
53041,2015,177.0
26159,2012,176.0
41059,2011,176.0
26005,2010,174.0
41071,2016,172.0
39013,2015,172.0
39003,2012,171.0
42005,2015,168.0
37195,2015,167.0
30029,2013,163.0
18085,2013,159.0
47011,2013,158.0
37045,2010,157.0
4017,2016,156.0
21145,2011,153.0
38035,2015,152.0
26159,2015,150.0
13127,2015,149.0
39063,2014,148.0
35025,2014,146.0
26155,2010,143.0
48469,2012,141.0
22057,2014,139.0
45085,2012,139.0
17183,2012,139.0
51165,2016,134.0
20015,2011,134.0
42111,2014,132.0
34033,2016,128.0
41035,2014,127.0
37191,2015,123.0
37171,2012,121.0
22097,2014,121.0
24001,2011,120.0
37157,2015,101.0
37049,2015,77.0
41053,2011,62.0
48409,2012,52.0
53015,2010,43.0
41059,2016,42.0
48409,2015,34.0
12119,2016,0.0
13095,2016,0.0
39141,2010,0.0
39145,2010,0.0
4001,2010,0.0
1049,2010,0.0
41033,2010,0.0
12089,2016,0.0
13045,2016,0.0
13031,2016,0.0
40101,2010,0.0
12055,2016,0.0
13047,2016,0.0
13015,2016,0.0
1083,2010,0.0
1121,2010,0.0
1043,2010,0.0
12035,2016,0.0
12131,2016,0.0
12061,2016,0.0
12107,2016,0.0
41035,2010,0.0
1127,2010,0.0
1051,2010,0.0
13059,2016,0.0
1055,2010,0.0
4017,2010,0.0
12023,2016,0.0
42025,2010,0.0
18109,2010,0.0
13127,2016,0.0
30049,2016,0.0
28035,2010,0.0
13031,2010,0.0
29031,2016,0.0
13059,2010,0.0
29051,2016,0.0
29187,2016,0.0
13127,2010,0.0
28067,2016,0.0
13247,2010,0.0
35005,2016,0.0
35025,2016,0.0
35031,2016,0.0
13285,2010,0.0
35035,2016,0.0
28075,2016,0.0
28067,2010,0.0
13295,2010,0.0
45031,2016,0.0
45073,2016,0.0
45059,2016,0.0
12087,2010,0.0
12089,2010,0.0
45057,2016,0.0
45047,2016,0.0
29187,2010,0.0
28075,2010,0.0
12107,2010,0.0
12119,2010,0.0
28035,2016,0.0
13013,2010,0.0
13015,2010,0.0
28081,2010,0.0
35061,2016,0.0
13313,2010,0.0
24045,2016,0.0
18053,2010,0.0
20103,2010,0.0
39141,2016,0.0
18005,2010,0.0
37193,2016,0.0
20015,2010,0.0
37195,2016,0.0
18059,2010,0.0
37161,2016,0.0
18067,2010,0.0
39009,2016,0.0
18085,2010,0.0
18177,2010,0.0
39101,2016,0.0
39063,2016,0.0
20161,2010,0.0
17199,2010,0.0
16005,2010,0.0
41035,2016,0.0
36105,2016,0.0
41053,2016,0.0
24001,2010,0.0
37027,2016,0.0
37037,2016,0.0
22097,2010,0.0
22045,2010,0.0
21047,2010,0.0
41033,2016,0.0
37125,2016,0.0
41003,2016,0.0
21195,2010,0.0
21145,2010,0.0
21093,2010,0.0
45075,2016,0.0
47001,2016,0.0
54081,2016,0.0
37089,2010,0.0
17093,2016,0.0
37135,2010,0.0
6033,2010,0.0
37125,2010,0.0
53007,2016,0.0
6045,2010,0.0
17199,2016,0.0
37161,2010,0.0
51680,2016,0.0
51199,2016,0.0
18005,2016,0.0
51121,2016,0.0
37031,2010,0.0
37027,2010,0.0
37157,2010,0.0
37171,2010,0.0
37023,2010,0.0
13285,2016,0.0
5051,2010,0.0
13153,2016,0.0
5069,2010,0.0
13179,2016,0.0
13217,2016,0.0
13247,2016,0.0
54011,2016,0.0
37193,2010,0.0
5145,2010,0.0
39063,2010,0.0
13295,2016,0.0
53027,2016,0.0
13313,2016,0.0
15007,2016,0.0
51095,2016,0.0
18053,2016,0.0
12055,2010,0.0
48005,2016,0.0
35061,2010,0.0
35031,2010,0.0
35005,2010,0.0
22005,2016,0.0
48037,2016,0.0
48021,2016,0.0
47155,2016,0.0
48099,2016,0.0
47141,2016,0.0
22045,2016,0.0
47113,2016,0.0
12023,2010,0.0
47059,2016,0.0
24001,2016,0.0
21145,2016,0.0
48203,2016,0.0
18059,2016,0.0
36079,2010,0.0
51015,2016,0.0
18067,2016,0.0
18085,2016,0.0
18109,2016,0.0
51003,2016,0.0
48471,2016,0.0
6101,2010,0.0
48291,2016,0.0
20103,2016,0.0
48397,2016,0.0
20161,2016,0.0
6115,2010,0.0
48347,2016,0.0
21047,2016,0.0
12035,2010,0.0
13295,2013,0.0
6115,2016,0.0
19049,2012,0.0
18059,2014,0.0
18053,2014,0.0
20103,2012,0.0
20161,2012,0.0
18005,2014,0.0
21145,2012,0.0
21195,2012,0.0
17093,2014,0.0
22045,2012,0.0
13295,2014,0.0
13285,2014,0.0
13247,2014,0.0
13217,2014,0.0
13185,2014,0.0
13179,2014,0.0
18067,2014,0.0
18109,2014,0.0
13115,2012,0.0
18067,2012,0.0
13179,2012,0.0
13217,2012,0.0
13247,2012,0.0
13285,2012,0.0
13295,2012,0.0
13297,2012,0.0
13313,2012,0.0
22045,2014,0.0
21195,2014,0.0
21145,2014,0.0
21047,2014,0.0
20161,2014,0.0
17199,2012,0.0
18005,2012,0.0
18059,2012,0.0
13127,2014,0.0
13095,2014,0.0
13059,2014,0.0
13047,2014,0.0
29187,2012,0.0
4001,2014,0.0
1127,2014,0.0
1121,2014,0.0
1115,2014,0.0
1051,2014,0.0
1049,2014,0.0
1043,2014,0.0
35005,2012,0.0
35025,2012,0.0
35031,2012,0.0
35035,2012,0.0
35061,2012,0.0
54081,2013,0.0
53029,2013,0.0
5069,2014,0.0
5145,2014,0.0
28089,2012,0.0
12055,2014,0.0
13045,2014,0.0
13031,2014,0.0
12119,2014,0.0
12107,2014,0.0
12089,2014,0.0
12087,2014,0.0
12023,2014,0.0
28075,2012,0.0
12017,2014,0.0
6115,2014,0.0
6045,2014,0.0
6033,2014,0.0
28035,2012,0.0
28067,2012,0.0
13127,2012,0.0
13059,2012,0.0
6057,2016,0.0
51800,2011,0.0
53007,2011,0.0
53021,2011,0.0
53027,2011,0.0
41053,2014,0.0
54033,2011,0.0
41033,2014,0.0
54081,2011,0.0
40119,2014,0.0
1049,2012,0.0
1051,2012,0.0
39145,2014,0.0
1115,2012,0.0
39101,2014,0.0
1127,2012,0.0
2090,2012,0.0
42025,2014,0.0
51770,2011,0.0
13047,2012,0.0
51680,2011,0.0
45073,2014,0.0
45059,2014,0.0
45057,2014,0.0
45047,2014,0.0
48471,2011,0.0
45031,2014,0.0
49053,2011,0.0
51003,2011,0.0
51061,2011,0.0
51069,2011,0.0
51095,2011,0.0
51121,2011,0.0
51177,2011,0.0
51199,2011,0.0
51510,2011,0.0
4001,2012,0.0
4003,2012,0.0
39043,2014,0.0
5069,2012,0.0
12017,2012,0.0
29051,2014,0.0
12023,2012,0.0
12035,2012,0.0
12055,2012,0.0
28081,2014,0.0
28075,2014,0.0
28067,2014,0.0
28035,2014,0.0
12087,2012,0.0
12089,2012,0.0
12107,2012,0.0
12119,2012,0.0
13015,2012,0.0
13031,2012,0.0
29187,2014,0.0
30049,2014,0.0
35005,2014,0.0
37125,2014,0.0
37195,2014,0.0
5145,2012,0.0
37193,2014,0.0
37161,2014,0.0
6033,2012,0.0
6045,2012,0.0
37037,2014,0.0
35031,2014,0.0
37027,2014,0.0
37023,2014,0.0
36109,2014,0.0
6115,2012,0.0
35061,2014,0.0
35035,2014,0.0
53027,2013,0.0
53025,2013,0.0
53021,2013,0.0
35031,2013,0.0
1049,2013,0.0
1051,2013,0.0
1115,2013,0.0
29187,2013,0.0
1121,2013,0.0
1127,2013,0.0
2090,2013,0.0
4001,2013,0.0
29043,2013,0.0
28089,2013,0.0
5051,2013,0.0
5069,2013,0.0
28081,2013,0.0
28075,2013,0.0
5145,2013,0.0
35005,2013,0.0
54081,2012,0.0
53015,2013,0.0
35035,2013,0.0
51003,2012,0.0
37037,2013,0.0
51015,2012,0.0
37027,2013,0.0
51069,2012,0.0
37023,2013,0.0
51095,2012,0.0
51121,2012,0.0
36109,2013,0.0
36105,2013,0.0
51199,2012,0.0
51680,2012,0.0
53007,2012,0.0
53029,2012,0.0
35061,2013,0.0
28067,2013,0.0
28035,2013,0.0
6033,2013,0.0
6045,2013,0.0
12107,2013,0.0
12119,2013,0.0
13015,2013,0.0
13031,2013,0.0
13047,2013,0.0
18005,2013,0.0
17199,2013,0.0
17093,2013,0.0
13095,2013,0.0
13115,2013,0.0
13127,2013,0.0
16083,2013,0.0
13153,2013,0.0
13179,2013,0.0
13313,2013,0.0
18059,2013,0.0
12089,2013,0.0
12087,2013,0.0
21195,2013,0.0
6057,2013,0.0
24037,2013,0.0
6115,2013,0.0
24001,2013,0.0
22097,2013,0.0
22045,2013,0.0
21145,2013,0.0
12055,2013,0.0
21047,2013,0.0
20161,2013,0.0
20103,2013,0.0
12017,2013,0.0
12023,2013,0.0
12035,2013,0.0
37049,2013,0.0
37125,2013,0.0
48471,2012,0.0
41033,2012,0.0
48347,2013,0.0
37193,2012,0.0
37195,2012,0.0
48291,2013,0.0
48203,2013,0.0
48099,2013,0.0
39101,2012,0.0
48037,2013,0.0
39141,2012,0.0
39145,2012,0.0
48021,2013,0.0
48005,2013,0.0
47155,2013,0.0
47141,2013,0.0
47113,2013,0.0
37161,2012,0.0
37157,2012,0.0
48397,2013,0.0
37023,2012,0.0
51800,2013,0.0
51680,2013,0.0
51199,2013,0.0
36109,2012,0.0
51121,2013,0.0
51095,2013,0.0
37027,2012,0.0
37125,2012,0.0
37037,2012,0.0
37049,2012,0.0
51019,2013,0.0
51015,2013,0.0
51003,2013,0.0
48471,2013,0.0
47059,2013,0.0
41035,2012,0.0
37161,2013,0.0
47001,2013,0.0
47059,2012,0.0
40119,2013,0.0
47119,2012,0.0
47141,2012,0.0
48005,2012,0.0
48021,2012,0.0
39145,2013,0.0
39141,2013,0.0
39101,2013,0.0
48099,2012,0.0
39063,2013,0.0
48203,2012,0.0
48291,2012,0.0
37193,2013,0.0
48347,2012,0.0
47011,2012,0.0
41003,2013,0.0
41033,2013,0.0
45031,2013,0.0
41053,2012,0.0
45073,2013,0.0
45059,2013,0.0
45057,2013,0.0
45047,2013,0.0
42025,2012,0.0
44005,2013,0.0
41035,2013,0.0
45031,2012,0.0
41053,2013,0.0
45047,2012,0.0
45057,2012,0.0
45059,2012,0.0
45073,2012,0.0
48409,2011,0.0
48397,2011,0.0
48361,2011,0.0
45073,2015,0.0
45057,2015,0.0
45047,2015,0.0
5145,2011,0.0
45031,2015,0.0
44005,2015,0.0
6033,2011,0.0
6057,2011,0.0
42025,2015,0.0
6101,2011,0.0
41053,2015,0.0
6115,2011,0.0
41033,2015,0.0
41003,2015,0.0
39145,2015,0.0
39101,2015,0.0
45059,2015,0.0
5085,2011,0.0
35005,2015,0.0
5069,2011,0.0
1083,2011,0.0
47155,2015,0.0
47141,2015,0.0
1115,2011,0.0
1121,2011,0.0
1127,2011,0.0
47059,2015,0.0
4001,2011,0.0
4003,2011,0.0
47001,2015,0.0
4017,2011,0.0
45085,2015,0.0
5031,2011,0.0
45075,2015,0.0
5051,2011,0.0
39081,2015,0.0
39043,2015,0.0
39009,2015,0.0
12015,2011,0.0
13117,2011,0.0
36113,2015,0.0
13127,2011,0.0
13179,2011,0.0
13217,2011,0.0
13223,2011,0.0
13285,2011,0.0
13295,2011,0.0
13297,2011,0.0
13313,2011,0.0
15007,2011,0.0
36019,2015,0.0
16083,2011,0.0
17093,2011,0.0
35061,2015,0.0
13077,2011,0.0
37019,2015,0.0
37027,2015,0.0
12087,2011,0.0
12017,2011,0.0
12023,2011,0.0
12035,2011,0.0
12055,2011,0.0
37193,2015,0.0
37161,2015,0.0
12089,2011,0.0
13031,2011,0.0
37125,2015,0.0
12107,2011,0.0
37045,2015,0.0
12119,2011,0.0
37037,2015,0.0
13013,2011,0.0
1077,2011,0.0
48005,2015,0.0
1051,2011,0.0
48409,2010,0.0
47059,2010,0.0
1051,2016,0.0
47141,2010,0.0
1049,2016,0.0
47155,2010,0.0
48005,2010,0.0
48021,2010,0.0
48037,2010,0.0
48099,2010,0.0
48203,2010,0.0
54081,2015,0.0
48213,2010,0.0
54061,2015,0.0
48231,2010,0.0
54011,2015,0.0
47011,2010,0.0
47001,2010,0.0
1083,2016,0.0
45031,2010,0.0
6045,2016,0.0
6033,2016,0.0
5145,2016,0.0
5069,2016,0.0
5051,2016,0.0
44005,2010,0.0
45047,2010,0.0
1121,2016,0.0
4001,2016,0.0
45057,2010,0.0
45059,2010,0.0
1127,2016,0.0
45073,2010,0.0
45075,2010,0.0
48361,2010,0.0
53027,2015,0.0
1043,2011,0.0
53025,2015,0.0
48471,2015,0.0
53007,2010,0.0
53009,2010,0.0
53021,2010,0.0
53027,2010,0.0
53029,2010,0.0
48361,2015,0.0
54033,2010,0.0
48347,2015,0.0
54081,2010,0.0
48291,2015,0.0
48213,2015,0.0
48203,2015,0.0
48099,2015,0.0
48021,2015,0.0
51800,2010,0.0
51770,2010,0.0
51015,2015,0.0
51003,2010,0.0
53021,2015,0.0
48471,2010,0.0
53009,2015,0.0
53007,2015,0.0
51770,2015,0.0
51680,2015,0.0
51199,2015,0.0
51680,2010,0.0
51095,2010,0.0
51121,2015,0.0
51121,2010,0.0
51095,2015,0.0
51199,2010,0.0
51510,2010,0.0
35035,2015,0.0
17199,2011,0.0
45075,2014,0.0
40101,2011,0.0
41003,2011,0.0
41033,2011,0.0
41035,2011,0.0
54081,2014,0.0
42025,2011,0.0
53027,2014,0.0
53025,2014,0.0
53021,2014,0.0
53007,2014,0.0
51199,2014,0.0
51121,2014,0.0
51095,2014,0.0
44005,2011,0.0
45013,2011,0.0
51015,2014,0.0
40119,2011,0.0
39145,2011,0.0
18005,2011,0.0
39141,2011,0.0
13285,2013,0.0
37133,2011,0.0
37135,2011,0.0
37161,2011,0.0
37171,2011,0.0
4003,2015,0.0
4001,2015,0.0
37193,2011,0.0
1127,2015,0.0
1121,2015,0.0
1077,2015,0.0
1051,2015,0.0
1049,2015,0.0
1043,2015,0.0
39101,2011,0.0
45031,2011,0.0
48471,2014,0.0
45047,2011,0.0
45057,2011,0.0
48099,2014,0.0
48021,2014,0.0
48091,2011,0.0
48099,2011,0.0
48005,2014,0.0
47155,2014,0.0
47147,2014,0.0
47141,2014,0.0
47119,2014,0.0
47059,2014,0.0
48203,2011,0.0
48209,2011,0.0
47001,2014,0.0
48291,2011,0.0
48347,2011,0.0
48021,2011,0.0
48005,2011,0.0
48203,2014,0.0
47001,2011,0.0
45059,2011,0.0
45073,2011,0.0
45075,2011,0.0
48397,2014,0.0
45085,2011,0.0
48361,2014,0.0
48347,2014,0.0
47179,2011,0.0
47059,2011,0.0
48291,2014,0.0
47119,2011,0.0
47141,2011,0.0
47147,2011,0.0
47155,2011,0.0
37109,2011,0.0
5051,2015,0.0
5069,2015,0.0
18053,2015,0.0
22105,2015,0.0
21195,2015,0.0
21151,2015,0.0
21145,2015,0.0
21047,2015,0.0
20161,2015,0.0
20015,2015,0.0
27141,2011,0.0
18177,2015,0.0
28035,2011,0.0
28059,2011,0.0
28067,2011,0.0
28075,2011,0.0
28081,2011,0.0
18059,2015,0.0
21195,2011,0.0
21093,2011,0.0
21047,2011,0.0
18109,2011,0.0
18043,2011,0.0
18053,2011,0.0
18059,2011,0.0
30049,2015,0.0
18067,2011,0.0
29187,2015,0.0
19049,2011,0.0
28035,2015,0.0
28089,2015,0.0
28075,2015,0.0
20103,2011,0.0
20161,2011,0.0
28067,2015,0.0
21029,2011,0.0
29043,2011,0.0
29051,2011,0.0
5145,2015,0.0
29187,2011,0.0
12107,2015,0.0
12089,2015,0.0
12061,2015,0.0
12055,2015,0.0
12035,2015,0.0
12023,2015,0.0
6115,2015,0.0
36113,2011,0.0
6033,2015,0.0
37019,2011,0.0
37023,2011,0.0
37027,2011,0.0
37031,2011,0.0
37045,2011,0.0
37049,2011,0.0
12119,2015,0.0
35061,2011,0.0
13015,2015,0.0
13247,2015,0.0
18005,2015,0.0
30029,2011,0.0
17093,2015,0.0
13313,2015,0.0
13295,2015,0.0
13285,2015,0.0
13217,2015,0.0
35035,2011,0.0
13179,2015,0.0
13047,2015,0.0
13031,2015,0.0
35005,2011,0.0
35025,2011,0.0
35031,2011,0.0
37125,2011,0.0
