6037,2016,172930.0
6037,2014,165783.0
6037,2015,164029.0
6037,2013,162638.0
6037,2011,162179.0
6037,2012,161787.0
6037,2010,159909.0
48201,2014,82798.0
48201,2016,82778.0
48201,2015,80188.0
48201,2013,79324.0
17031,2016,77550.0
17031,2015,74609.0
48201,2011,73894.0
17031,2014,70885.0
17031,2013,70059.0
48201,2012,69337.0
17031,2010,67769.0
48201,2010,66415.0
17031,2012,64823.0
17031,2011,63200.0
6059,2014,59630.0
6059,2016,59006.0
6059,2013,55412.0
6059,2010,55250.0
6059,2011,54265.0
6059,2015,54080.0
12086,2012,53967.0
4013,2016,51296.0
12086,2014,50973.0
4013,2015,50942.0
12086,2013,50181.0
4013,2011,49992.0
4013,2014,49893.0
12086,2011,49734.0
6059,2012,49545.0
12086,2015,46992.0
12086,2016,46086.0
4013,2013,45844.0
4013,2010,45665.0
12086,2010,45164.0
6073,2015,43902.0
4013,2012,42774.0
48113,2014,41009.0
48113,2013,39762.0
48113,2016,38932.0
6073,2016,38316.0
6073,2013,37655.0
12011,2014,37272.0
6073,2014,37134.0
48113,2015,37050.0
53033,2016,35847.0
6073,2010,35581.0
48113,2012,35530.0
48439,2014,34966.0
48439,2016,34361.0
12011,2016,34202.0
53033,2013,33919.0
48439,2015,33819.0
6073,2011,33333.0
53033,2015,32643.0
12011,2012,32021.0
12011,2011,31956.0
6071,2013,31935.0
36081,2010,31841.0
12011,2015,31793.0
12011,2013,31481.0
12011,2010,31052.0
53033,2014,31040.0
48113,2011,30697.0
6071,2014,30634.0
6065,2010,30577.0
36081,2013,30419.0
6073,2012,30368.0
6071,2016,30354.0
48439,2013,30278.0
48439,2010,30110.0
6071,2010,30002.0
53033,2011,29904.0
36081,2015,29724.0
53033,2010,29644.0
6065,2014,29550.0
6071,2015,29403.0
6065,2011,29295.0
6065,2013,29290.0
36103,2016,29114.0
36047,2014,29105.0
36047,2013,28979.0
6065,2012,28915.0
36081,2012,28757.0
48113,2010,28738.0
6071,2012,28536.0
6065,2016,28371.0
36047,2016,27863.0
6065,2015,27643.0
36081,2011,26887.0
36081,2014,26869.0
36081,2016,26531.0
36047,2015,26235.0
36047,2010,26183.0
48439,2012,25837.0
36103,2010,25800.0
53033,2012,25647.0
36047,2011,25080.0
48439,2011,24933.0
36103,2013,24761.0
36047,2012,24365.0
36059,2016,24067.0
36059,2010,24047.0
36059,2012,24021.0
36059,2011,24009.0
6071,2011,23979.0
36103,2011,23909.0
6085,2014,23590.0
6001,2010,23531.0
48029,2015,23377.0
36103,2015,23337.0
36103,2014,22999.0
36061,2015,22903.0
34003,2015,22878.0
36103,2012,22773.0
6001,2015,22451.0
36059,2015,22353.0
34003,2012,21694.0
6001,2012,21664.0
6001,2014,21468.0
36059,2014,21347.0
27053,2013,20959.0
34003,2014,20935.0
17043,2011,20880.0
6001,2013,20850.0
6001,2016,20774.0
39049,2013,20766.0
27053,2015,20505.0
48029,2013,20466.0
12099,2015,20397.0
36059,2013,20341.0
12057,2011,20200.0
34003,2016,20103.0
17043,2016,19916.0
39049,2011,19905.0
34003,2011,19810.0
6085,2011,19732.0
48029,2012,19662.0
27053,2014,19521.0
17043,2010,19517.0
48029,2014,19375.0
27053,2011,19364.0
49035,2010,19334.0
34003,2013,19244.0
34003,2010,19216.0
36061,2012,19171.0
6085,2012,19113.0
6085,2013,19045.0
12057,2015,19014.0
39049,2014,18989.0
12095,2015,18985.0
27053,2010,18964.0
37119,2016,18901.0
25017,2013,18738.0
48029,2016,18722.0
12099,2011,18672.0
13135,2011,18547.0
6001,2011,18509.0
12099,2014,18503.0
17043,2014,18487.0
37119,2015,18428.0
6085,2016,18409.0
17043,2013,18349.0
36061,2014,18260.0
42003,2015,18246.0
6085,2010,18133.0
39049,2016,18118.0
37119,2014,18109.0
12057,2010,18108.0
39049,2012,18095.0
34023,2013,18066.0
12057,2014,17966.0
39049,2010,17964.0
36061,2013,17902.0
36061,2010,17896.0
26125,2016,17893.0
25017,2014,17878.0
12057,2013,17871.0
26125,2012,17869.0
17097,2015,17865.0
48029,2010,17856.0
39035,2011,17826.0
34023,2010,17826.0
48029,2011,17805.0
27053,2012,17803.0
32003,2011,17797.0
17043,2015,17790.0
32003,2014,17736.0
25017,2016,17723.0
36061,2016,17720.0
39049,2015,17708.0
32003,2010,17698.0
48453,2016,17691.0
6067,2014,17686.0
12057,2012,17629.0
6085,2015,17620.0
26163,2016,17564.0
6067,2016,17548.0
6067,2015,17500.0
37119,2013,17488.0
12057,2016,17467.0
13135,2013,17435.0
26163,2015,17430.0
32003,2013,17397.0
27053,2016,17362.0
17043,2012,17348.0
42003,2016,17318.0
32003,2016,17306.0
13135,2015,17301.0
32003,2015,17297.0
12095,2016,17290.0
36061,2011,17273.0
13121,2016,17252.0
26163,2014,17220.0
37183,2014,17220.0
13135,2010,17197.0
39035,2016,17080.0
34023,2015,17021.0
42003,2013,16970.0
26125,2015,16915.0
6067,2010,16876.0
26125,2011,16871.0
39035,2013,16783.0
37119,2010,16776.0
12099,2012,16709.0
25017,2010,16696.0
29189,2015,16606.0
17097,2016,16598.0
37119,2011,16505.0
49035,2014,16499.0
42003,2010,16253.0
49035,2015,16235.0
6019,2011,16206.0
42003,2014,16149.0
12095,2013,16144.0
29189,2010,16095.0
26163,2013,16082.0
48121,2015,16080.0
13135,2014,16072.0
26163,2010,16069.0
48121,2014,16027.0
6067,2011,15974.0
13135,2016,15968.0
29189,2016,15948.0
18097,2016,15943.0
34023,2016,15903.0
26125,2010,15869.0
42003,2012,15815.0
49035,2013,15810.0
47157,2016,15776.0
39035,2010,15753.0
47157,2010,15749.0
39035,2012,15731.0
13067,2013,15716.0
26163,2011,15704.0
25017,2011,15640.0
47157,2014,15602.0
18097,2015,15590.0
39035,2015,15557.0
17097,2013,15522.0
42003,2011,15482.0
26163,2012,15330.0
48085,2013,15302.0
12095,2014,15287.0
37119,2012,15191.0
17097,2014,15184.0
25017,2015,15184.0
6111,2010,15180.0
9009,2014,15117.0
12095,2012,15097.0
13121,2011,15067.0
18097,2012,15049.0
18097,2014,15032.0
47157,2015,14959.0
29189,2012,14924.0
49035,2016,14891.0
12095,2010,14866.0
39035,2014,14845.0
26125,2013,14824.0
42101,2015,14808.0
6019,2016,14794.0
6019,2012,14741.0
12095,2011,14739.0
6019,2013,14704.0
48085,2016,14695.0
17097,2010,14669.0
12099,2010,14634.0
29189,2013,14607.0
25017,2012,14595.0
34017,2012,14556.0
13121,2010,14536.0
49035,2011,14421.0
37183,2010,14416.0
34023,2014,14407.0
12099,2013,14351.0
48453,2015,14332.0
36029,2011,14309.0
42101,2014,14305.0
12099,2016,14290.0
48085,2014,14269.0
6077,2011,14267.0
6067,2013,14232.0
13121,2014,14223.0
42101,2016,14166.0
6111,2014,14161.0
26125,2014,14160.0
29189,2011,14126.0
26081,2011,14050.0
13121,2015,14044.0
48121,2011,14034.0
34017,2015,14030.0
48121,2016,14029.0
9003,2013,14003.0
41051,2016,13943.0
6111,2011,13930.0
48121,2012,13872.0
12031,2016,13821.0
47157,2012,13802.0
17097,2011,13780.0
37183,2015,13765.0
42091,2016,13716.0
13067,2010,13697.0
37183,2013,13693.0
42017,2014,13685.0
29189,2014,13684.0
6013,2014,13680.0
13121,2013,13661.0
9001,2015,13647.0
6019,2014,13644.0
32003,2012,13611.0
6019,2010,13572.0
48085,2015,13569.0
47157,2013,13527.0
6019,2015,13517.0
34017,2016,13505.0
37183,2016,13504.0
37183,2012,13500.0
18097,2011,13469.0
6111,2012,13439.0
41051,2012,13431.0
6013,2012,13385.0
6013,2010,13364.0
49035,2012,13338.0
48157,2011,13318.0
34017,2013,13276.0
6111,2013,13131.0
20091,2011,13130.0
48121,2013,13104.0
13067,2015,13086.0
13067,2011,13075.0
13067,2016,13067.0
41051,2014,13063.0
26081,2015,13051.0
6013,2016,13038.0
6067,2012,13022.0
53053,2011,13010.0
53053,2014,12985.0
36029,2010,12971.0
15003,2015,12959.0
36029,2015,12949.0
34023,2011,12938.0
34017,2010,12919.0
53053,2012,12915.0
42091,2011,12876.0
34023,2012,12844.0
41051,2015,12832.0
9001,2016,12806.0
36119,2014,12803.0
26081,2016,12744.0
48453,2014,12689.0
42091,2010,12669.0
53053,2016,12654.0
39061,2014,12619.0
18097,2010,12573.0
47157,2011,12570.0
6013,2015,12554.0
47037,2011,12517.0
15003,2014,12502.0
34017,2011,12497.0
18097,2013,12480.0
55079,2016,12473.0
48453,2012,12444.0
17097,2012,12426.0
34017,2014,12426.0
41051,2011,12420.0
55079,2011,12404.0
36119,2016,12404.0
48453,2013,12399.0
41051,2013,12392.0
48157,2014,12391.0
42017,2013,12380.0
36029,2016,12379.0
21111,2013,12362.0
53053,2013,12318.0
20091,2013,12307.0
42091,2015,12294.0
48085,2011,12266.0
26081,2010,12263.0
21111,2012,12246.0
6111,2016,12220.0
9001,2010,12198.0
39061,2011,12146.0
12103,2012,12128.0
13067,2012,12106.0
9003,2016,12104.0
48339,2013,12048.0
42091,2012,12017.0
42101,2012,12010.0
12031,2015,12007.0
20091,2015,11991.0
42101,2010,11982.0
48157,2016,11958.0
9009,2011,11943.0
17089,2013,11939.0
17089,2011,11934.0
48157,2015,11918.0
42101,2011,11916.0
36119,2010,11915.0
48085,2012,11891.0
36029,2013,11879.0
15003,2010,11858.0
9003,2014,11854.0
6013,2013,11852.0
48157,2013,11848.0
55079,2015,11843.0
6077,2013,11835.0
9009,2015,11792.0
40109,2014,11756.0
42091,2013,11743.0
42091,2014,11723.0
6077,2014,11721.0
36119,2015,11693.0
42017,2015,11688.0
20091,2010,11660.0
12031,2014,11647.0
53053,2015,11640.0
21111,2015,11616.0
21111,2014,11614.0
55079,2010,11613.0
12031,2011,11598.0
12103,2010,11589.0
13121,2012,11585.0
34025,2011,11567.0
48453,2011,11547.0
12103,2013,11545.0
42101,2013,11516.0
26099,2014,11505.0
36029,2012,11502.0
26081,2013,11482.0
17197,2015,11467.0
26081,2012,11466.0
53053,2010,11411.0
48453,2010,11409.0
9009,2013,11400.0
48215,2014,11372.0
9001,2011,11370.0
6077,2016,11295.0
26081,2014,11288.0
17089,2014,11277.0
21111,2016,11276.0
6029,2015,11229.0
9003,2015,11190.0
48121,2010,11161.0
9001,2014,11128.0
48215,2015,11107.0
34039,2014,11096.0
9003,2012,11082.0
25027,2011,11029.0
36029,2014,11002.0
48339,2015,10989.0
25005,2010,10988.0
17197,2013,10970.0
36005,2011,10969.0
12031,2013,10968.0
9009,2012,10958.0
55079,2013,10956.0
48085,2010,10955.0
39061,2016,10922.0
39061,2012,10888.0
34039,2010,10869.0
6099,2015,10863.0
25027,2013,10851.0
20091,2014,10825.0
6077,2010,10822.0
8001,2015,10812.0
36119,2012,10800.0
26099,2015,10766.0
48339,2014,10761.0
6075,2016,10756.0
37183,2011,10728.0
25005,2011,10699.0
39153,2014,10691.0
48215,2011,10678.0
40109,2016,10661.0
34025,2012,10645.0
17197,2010,10641.0
6111,2015,10636.0
34039,2012,10631.0
21111,2010,10614.0
15003,2016,10609.0
8031,2015,10599.0
12103,2015,10582.0
26099,2016,10582.0
17197,2014,10581.0
12031,2010,10573.0
41051,2010,10562.0
34039,2011,10556.0
12103,2011,10544.0
53061,2015,10543.0
17197,2016,10520.0
9001,2012,10519.0
42017,2012,10511.0
6029,2016,10474.0
13135,2012,10468.0
37081,2011,10462.0
20091,2016,10461.0
25027,2016,10457.0
42071,2010,10453.0
8031,2011,10445.0
17197,2011,10439.0
9001,2013,10433.0
25005,2012,10415.0
34025,2010,10399.0
55079,2014,10373.0
6075,2013,10361.0
39061,2010,10360.0
9003,2010,10352.0
36119,2011,10345.0
24005,2013,10345.0
48141,2014,10343.0
36005,2010,10342.0
48157,2012,10333.0
6077,2015,10317.0
26099,2013,10307.0
39061,2013,10302.0
20091,2012,10299.0
36005,2015,10284.0
55133,2010,10249.0
13067,2014,10246.0
25027,2015,10245.0
25009,2014,10236.0
26099,2012,10229.0
29095,2010,10226.0
40109,2010,10208.0
25009,2011,10189.0
42017,2011,10186.0
12103,2014,10185.0
15003,2012,10177.0
34013,2016,10161.0
25009,2012,10143.0
9009,2010,10140.0
17089,2015,10126.0
34013,2013,10118.0
15003,2013,10091.0
36005,2014,10087.0
36055,2013,10080.0
42017,2010,10065.0
25027,2010,10060.0
40143,2016,10059.0
6029,2014,10058.0
8059,2014,10026.0
6075,2010,10024.0
6099,2011,10014.0
42071,2015,10008.0
40143,2011,10001.0
34013,2011,9989.0
34013,2014,9978.0
24005,2015,9976.0
36005,2012,9954.0
25009,2015,9951.0
40109,2011,9943.0
17089,2012,9927.0
55079,2012,9920.0
48141,2012,9900.0
48141,2016,9900.0
6029,2012,9897.0
6077,2012,9879.0
25027,2012,9867.0
25005,2014,9865.0
9003,2011,9856.0
15003,2011,9853.0
6013,2011,9847.0
48339,2016,9824.0
8001,2016,9810.0
37081,2010,9802.0
1073,2013,9768.0
21111,2011,9749.0
6107,2010,9748.0
41067,2013,9732.0
9009,2016,9715.0
25005,2015,9710.0
6081,2010,9701.0
8001,2010,9694.0
26099,2010,9684.0
34039,2016,9680.0
8059,2016,9669.0
40143,2015,9661.0
24005,2014,9661.0
40143,2014,9651.0
41067,2015,9647.0
39061,2015,9646.0
12105,2010,9638.0
34027,2015,9627.0
12103,2016,9595.0
8059,2011,9580.0
25009,2010,9575.0
40109,2013,9569.0
40143,2013,9568.0
53061,2012,9564.0
39153,2012,9539.0
8005,2012,9502.0
44007,2015,9499.0
24003,2015,9471.0
29095,2015,9462.0
42071,2014,9452.0
24005,2010,9439.0
13089,2013,9438.0
45045,2014,9432.0
36119,2013,9427.0
6099,2014,9420.0
40143,2010,9395.0
6029,2010,9392.0
6081,2013,9386.0
36005,2013,9381.0
8031,2014,9373.0
1073,2015,9370.0
34031,2010,9361.0
42017,2016,9334.0
48141,2015,9328.0
53061,2011,9326.0
8005,2016,9309.0
12105,2015,9293.0
42071,2012,9291.0
29095,2014,9291.0
8031,2013,9291.0
34031,2013,9279.0
13089,2011,9265.0
34039,2013,9251.0
13089,2016,9228.0
48141,2013,9218.0
42029,2015,9212.0
47037,2016,9206.0
40109,2015,9200.0
24003,2011,9195.0
25021,2014,9193.0
24005,2016,9192.0
25021,2016,9172.0
17089,2016,9138.0
25025,2016,9129.0
17089,2010,9128.0
6099,2010,9122.0
34013,2015,9103.0
19153,2016,9101.0
8005,2011,9100.0
13089,2010,9081.0
6081,2014,9078.0
55133,2016,9064.0
34005,2011,9051.0
39153,2013,9045.0
36055,2014,9044.0
6081,2015,9025.0
25005,2016,9018.0
53061,2010,9018.0
34031,2014,9006.0
25021,2011,9006.0
8031,2016,8999.0
48157,2010,8989.0
6029,2013,8988.0
42071,2013,8984.0
39153,2016,8959.0
34031,2016,8944.0
25027,2014,8931.0
1073,2012,8926.0
6081,2016,8916.0
36055,2011,8905.0
48339,2010,8901.0
29095,2011,8890.0
40109,2012,8881.0
41067,2012,8876.0
34025,2014,8876.0
1073,2014,8868.0
25005,2013,8867.0
1073,2010,8859.0
48215,2016,8847.0
4019,2014,8843.0
8031,2010,8827.0
29095,2016,8822.0
34025,2015,8820.0
44007,2010,8819.0
37081,2016,8798.0
41005,2014,8796.0
34039,2015,8793.0
6081,2012,8788.0
8031,2012,8784.0
6099,2013,8782.0
39153,2011,8779.0
53063,2012,8737.0
51059,2014,8736.0
40143,2012,8736.0
29183,2014,8714.0
45045,2010,8711.0
17197,2012,8697.0
42071,2016,8688.0
44007,2014,8655.0
37081,2012,8630.0
34007,2014,8629.0
47037,2015,8626.0
8005,2010,8620.0
48215,2012,8608.0
34025,2016,8599.0
24005,2011,8599.0
41067,2016,8592.0
55133,2013,8584.0
13089,2014,8579.0
42133,2014,8579.0
24031,2013,8566.0
25021,2012,8564.0
48141,2011,8560.0
36055,2015,8558.0
41005,2016,8537.0
53061,2014,8533.0
42133,2013,8532.0
34027,2010,8531.0
55133,2015,8528.0
39153,2010,8520.0
8059,2010,8518.0
37081,2015,8514.0
24005,2012,8512.0
36055,2012,8512.0
55133,2012,8511.0
25021,2013,8500.0
42071,2011,8495.0
34027,2011,8487.0
6075,2014,8478.0
34025,2013,8471.0
8059,2012,8461.0
12071,2016,8452.0
42029,2011,8447.0
6075,2011,8446.0
41005,2011,8432.0
41005,2015,8429.0
6081,2011,8412.0
8059,2013,8412.0
42029,2016,8375.0
34005,2014,8365.0
41067,2011,8363.0
48215,2010,8340.0
8059,2015,8335.0
6097,2011,8318.0
27123,2015,8313.0
45045,2012,8312.0
8001,2012,8306.0
36067,2012,8305.0
33011,2014,8294.0
34029,2015,8288.0
1073,2011,8285.0
44007,2013,8279.0
42029,2013,8262.0
34027,2014,8247.0
36005,2016,8238.0
6097,2016,8215.0
27037,2014,8199.0
34013,2010,8192.0
6075,2015,8187.0
25025,2010,8183.0
34005,2015,8169.0
37081,2013,8164.0
48339,2012,8155.0
12117,2013,8143.0
8005,2014,8132.0
19153,2013,8108.0
41067,2010,8099.0
25023,2011,8080.0
51059,2012,8075.0
37081,2014,8072.0
47093,2010,8072.0
24003,2016,8070.0
53063,2010,8057.0
48141,2010,8040.0
34031,2011,8039.0
53077,2010,8025.0
47037,2013,8025.0
25025,2015,8014.0
35001,2015,8002.0
32031,2016,8001.0
53011,2014,8001.0
6107,2012,8000.0
49049,2015,8000.0
47037,2014,7998.0
20173,2016,7969.0
55025,2010,7965.0
8005,2015,7964.0
55133,2014,7952.0
34005,2010,7951.0
25025,2011,7941.0
41067,2014,7937.0
25021,2010,7921.0
34005,2013,7910.0
45045,2013,7885.0
39153,2015,7884.0
45045,2016,7882.0
18057,2014,7870.0
35001,2014,7867.0
34029,2016,7853.0
53063,2011,7844.0
22051,2013,7844.0
53063,2016,7832.0
53061,2013,7808.0
25023,2010,7790.0
13089,2015,7784.0
8001,2013,7774.0
31055,2013,7771.0
34007,2010,7763.0
42029,2014,7755.0
22051,2016,7752.0
32031,2012,7737.0
34013,2012,7734.0
31055,2016,7734.0
24003,2014,7725.0
34007,2016,7725.0
34027,2013,7723.0
25025,2014,7717.0
34027,2016,7713.0
6029,2011,7692.0
1073,2016,7689.0
26099,2011,7681.0
42077,2016,7680.0
31055,2015,7676.0
48491,2014,7668.0
25023,2016,7665.0
25023,2015,7664.0
12105,2014,7663.0
25023,2014,7643.0
34007,2012,7636.0
29095,2012,7626.0
4019,2015,7623.0
32031,2015,7612.0
27037,2016,7606.0
48339,2011,7605.0
22051,2015,7591.0
41005,2010,7586.0
27037,2013,7556.0
34031,2015,7556.0
35001,2010,7556.0
25025,2013,7555.0
47037,2010,7549.0
42133,2011,7544.0
42045,2013,7532.0
34029,2012,7531.0
34005,2016,7516.0
6097,2015,7516.0
27037,2015,7508.0
34007,2015,7504.0
25009,2013,7498.0
49049,2016,7498.0
6107,2013,7489.0
29095,2013,7483.0
24003,2010,7482.0
44007,2011,7477.0
34029,2010,7462.0
51059,2010,7456.0
20173,2010,7432.0
8005,2013,7426.0
36055,2010,7425.0
24003,2012,7412.0
42045,2015,7405.0
8001,2014,7404.0
12105,2012,7402.0
42029,2010,7384.0
19153,2014,7384.0
34027,2012,7382.0
27037,2010,7376.0
4019,2011,7368.0
42133,2015,7363.0
18057,2012,7356.0
27037,2012,7334.0
25009,2016,7332.0
39151,2015,7331.0
47093,2013,7319.0
51059,2013,7317.0
53063,2014,7316.0
42011,2015,7314.0
27123,2014,7312.0
27123,2010,7308.0
35001,2012,7283.0
4019,2013,7280.0
22051,2014,7277.0
6097,2013,7272.0
6107,2014,7270.0
12117,2014,7270.0
47093,2014,7254.0
31055,2012,7228.0
48491,2015,7224.0
47093,2012,7216.0
34007,2011,7211.0
25023,2013,7208.0
12117,2010,7198.0
4019,2016,7196.0
35001,2013,7191.0
48215,2013,7182.0
25021,2015,7170.0
53063,2015,7143.0
31055,2010,7133.0
27123,2016,7132.0
13089,2012,7117.0
6097,2014,7116.0
42029,2012,7095.0
4019,2012,7088.0
48491,2013,7087.0
6099,2012,7084.0
53061,2016,7084.0
34029,2014,7072.0
19153,2011,7053.0
36067,2011,7044.0
33015,2012,7031.0
32031,2010,7021.0
55025,2014,7020.0
12031,2012,7019.0
31055,2014,7017.0
33011,2016,7015.0
51041,2015,7006.0
42045,2012,6994.0
33011,2015,6985.0
55025,2011,6978.0
36067,2015,6966.0
34015,2014,6959.0
27037,2011,6954.0
6097,2010,6951.0
34007,2013,6947.0
41005,2012,6939.0
33011,2011,6939.0
51059,2011,6929.0
42011,2013,6922.0
53011,2015,6918.0
8001,2011,6913.0
42133,2012,6909.0
29183,2015,6897.0
24031,2011,6892.0
20173,2014,6868.0
27123,2012,6858.0
36067,2013,6853.0
55133,2011,6852.0
32031,2014,6852.0
34029,2011,6849.0
8041,2011,6844.0
42045,2016,6839.0
34005,2012,6835.0
18057,2016,6833.0
36055,2016,6824.0
6075,2012,6811.0
53011,2013,6804.0
55025,2013,6803.0
12105,2013,6798.0
47093,2016,6792.0
24031,2016,6790.0
45045,2015,6785.0
45045,2011,6779.0
17111,2015,6772.0
36071,2015,6756.0
53077,2013,6750.0
29183,2011,6737.0
34035,2014,6733.0
12105,2016,6719.0
33015,2010,6718.0
34035,2016,6707.0
6099,2016,6700.0
19153,2010,6695.0
44007,2012,6677.0
35001,2011,6669.0
55025,2015,6665.0
29183,2012,6646.0
22051,2011,6640.0
25013,2011,6636.0
25025,2012,6622.0
33015,2011,6599.0
10003,2011,6598.0
39017,2016,6590.0
51059,2015,6583.0
27123,2013,6569.0
12105,2011,6565.0
24031,2015,6549.0
48491,2011,6531.0
34035,2015,6527.0
53011,2016,6526.0
47093,2011,6518.0
42077,2014,6508.0
42129,2010,6508.0
25013,2015,6481.0
42045,2011,6463.0
17111,2013,6455.0
27123,2011,6441.0
41039,2010,6423.0
34031,2012,6417.0
32031,2011,6416.0
49049,2014,6409.0
42133,2010,6398.0
53077,2011,6364.0
36067,2010,6350.0
25013,2014,6346.0
36067,2016,6345.0
55025,2012,6338.0
16001,2013,6337.0
31055,2011,6336.0
34021,2014,6329.0
34029,2013,6325.0
6053,2015,6314.0
42011,2011,6302.0
28033,2016,6291.0
33011,2010,6283.0
1097,2016,6274.0
36071,2010,6266.0
24033,2013,6258.0
42011,2010,6246.0
22051,2012,6242.0
34035,2013,6241.0
47037,2012,6240.0
41039,2013,6237.0
17111,2016,6225.0
18003,2016,6224.0
42129,2015,6209.0
42133,2016,6204.0
27003,2014,6191.0
19153,2012,6189.0
8041,2013,6169.0
17111,2010,6160.0
27003,2011,6157.0
10003,2010,6152.0
37067,2010,6150.0
41005,2013,6145.0
34035,2012,6126.0
53011,2010,6125.0
17111,2012,6118.0
53063,2013,6118.0
32031,2013,6110.0
42011,2012,6109.0
34015,2013,6097.0
17111,2014,6094.0
34015,2010,6085.0
36067,2014,6070.0
49049,2011,6055.0
47093,2015,6043.0
12109,2011,6033.0
8041,2016,6030.0
45083,2015,6030.0
12101,2015,6030.0
29183,2010,6027.0
22051,2010,6026.0
24031,2010,6021.0
39017,2015,6018.0
24033,2012,6017.0
12071,2011,6017.0
29077,2016,6003.0
4019,2010,5998.0
16001,2012,5995.0
24033,2014,5991.0
39017,2013,5985.0
48491,2010,5974.0
24031,2014,5974.0
12101,2014,5968.0
41039,2016,5963.0
48491,2016,5951.0
24033,2015,5951.0
34015,2016,5949.0
33015,2015,5886.0
39113,2016,5880.0
22033,2010,5879.0
18057,2013,5856.0
51810,2015,5850.0
12127,2016,5846.0
53011,2012,5846.0
53077,2014,5835.0
6095,2014,5832.0
12071,2013,5831.0
20173,2015,5830.0
6061,2012,5829.0
42011,2016,5828.0
17111,2011,5823.0
42129,2014,5818.0
53077,2015,5799.0
48303,2014,5796.0
33015,2014,5786.0
42129,2016,5784.0
24033,2011,5776.0
39095,2012,5773.0
36071,2012,5772.0
19153,2015,5767.0
24510,2014,5760.0
20173,2013,5756.0
16001,2015,5744.0
29183,2016,5733.0
36071,2013,5731.0
16001,2016,5727.0
22033,2014,5709.0
12117,2011,5700.0
18089,2014,5700.0
8035,2013,5692.0
49049,2013,5686.0
24033,2016,5685.0
6095,2015,5673.0
25023,2012,5671.0
34015,2012,5670.0
24003,2013,5665.0
36071,2011,5661.0
12127,2010,5657.0
39113,2011,5657.0
10003,2016,5628.0
42077,2013,5607.0
22033,2012,5607.0
12071,2012,5604.0
33015,2016,5597.0
6107,2016,5591.0
13057,2016,5586.0
29183,2013,5584.0
18057,2015,5570.0
36071,2014,5556.0
48303,2016,5556.0
49049,2012,5548.0
6053,2011,5547.0
20173,2011,5543.0
10003,2014,5539.0
39095,2010,5539.0
24510,2012,5522.0
39113,2015,5520.0
45019,2015,5503.0
39095,2013,5485.0
39113,2010,5474.0
48167,2014,5473.0
12071,2015,5469.0
6061,2013,5465.0
18003,2012,5463.0
6107,2011,5461.0
42045,2010,5459.0
45091,2016,5455.0
37101,2011,5455.0
42077,2015,5450.0
27003,2013,5448.0
18003,2015,5443.0
47149,2016,5442.0
55025,2016,5442.0
18089,2016,5437.0
24510,2015,5437.0
18003,2014,5433.0
39017,2010,5411.0
45019,2012,5411.0
42129,2013,5409.0
42077,2012,5408.0
1097,2011,5406.0
42095,2014,5397.0
27003,2010,5384.0
24031,2012,5383.0
8041,2014,5371.0
25013,2012,5367.0
29047,2011,5360.0
1097,2010,5355.0
12101,2016,5346.0
42079,2015,5339.0
45083,2012,5330.0
37067,2016,5314.0
42045,2014,5307.0
35001,2016,5304.0
12081,2013,5302.0
5119,2011,5300.0
33015,2013,5295.0
39017,2011,5287.0
44007,2016,5281.0
51810,2010,5265.0
33011,2013,5265.0
45063,2014,5259.0
12097,2016,5257.0
42079,2010,5246.0
45091,2015,5215.0
39113,2012,5214.0
16001,2014,5209.0
8013,2013,5209.0
39095,2016,5209.0
16001,2010,5201.0
6095,2012,5194.0
39095,2011,5187.0
18057,2011,5180.0
42011,2014,5179.0
18057,2010,5169.0
8035,2014,5150.0
25013,2010,5141.0
47165,2015,5136.0
16001,2011,5131.0
24510,2013,5126.0
42077,2011,5124.0
45079,2014,5119.0
12071,2014,5119.0
12101,2013,5108.0
18003,2010,5106.0
6083,2014,5103.0
39095,2015,5099.0
33011,2012,5095.0
42095,2016,5085.0
26139,2015,5084.0
6053,2012,5084.0
39113,2014,5074.0
39017,2014,5073.0
6095,2010,5070.0
8041,2015,5062.0
20173,2012,5059.0
1097,2014,5056.0
22033,2013,5046.0
48039,2014,5039.0
42129,2012,5028.0
10003,2012,5026.0
42079,2012,5013.0
36087,2014,5013.0
48491,2012,5010.0
45091,2012,5009.0
13117,2016,5002.0
36071,2016,4997.0
51087,2015,4993.0
12117,2015,4983.0
45083,2010,4979.0
12117,2012,4974.0
51087,2014,4953.0
49049,2010,4933.0
48039,2010,4932.0
39165,2015,4929.0
34021,2012,4925.0
6053,2014,4925.0
34021,2015,4924.0
6095,2016,4922.0
51810,2014,4909.0
12101,2010,4902.0
45091,2010,4901.0
42079,2014,4898.0
45091,2013,4886.0
39151,2012,4878.0
6095,2011,4878.0
36087,2015,4865.0
48303,2013,4863.0
6053,2016,4851.0
51087,2011,4836.0
39151,2016,4823.0
6083,2010,4821.0
47065,2015,4801.0
27003,2015,4796.0
34021,2010,4788.0
55009,2011,4787.0
51810,2011,4784.0
51041,2012,4771.0
23005,2016,4770.0
18089,2012,4770.0
42095,2011,4769.0
45063,2016,4766.0
13063,2014,4766.0
25013,2016,4762.0
42079,2011,4760.0
41039,2014,4757.0
42043,2013,4752.0
18003,2011,4747.0
12071,2010,4747.0
29510,2014,4735.0
8035,2015,4733.0
47149,2015,4729.0
34015,2015,4727.0
47065,2013,4725.0
12009,2015,4722.0
5119,2016,4720.0
6083,2015,4716.0
53011,2011,4712.0
42129,2011,4708.0
49011,2015,4707.0
53077,2012,4707.0
39095,2014,4704.0
48303,2012,4704.0
6095,2013,4703.0
36087,2013,4702.0
39151,2010,4697.0
45091,2014,4697.0
8041,2012,4691.0
6107,2015,4689.0
39151,2014,4679.0
22103,2016,4661.0
12127,2014,4659.0
24510,2010,4652.0
27003,2016,4650.0
12117,2016,4650.0
24027,2012,4645.0
13057,2011,4639.0
51041,2010,4638.0
26139,2011,4634.0
48039,2011,4632.0
6061,2014,4631.0
51041,2014,4630.0
21067,2016,4630.0
1097,2015,4629.0
42095,2010,4623.0
6097,2012,4615.0
8035,2016,4611.0
47149,2013,4608.0
29047,2010,4598.0
26139,2013,4597.0
2020,2011,4591.0
29047,2015,4583.0
18089,2015,4575.0
26049,2012,4573.0
12009,2012,4572.0
29047,2016,4562.0
24033,2010,4560.0
41047,2014,4545.0
5119,2010,4541.0
6083,2013,4537.0
48303,2011,4535.0
42077,2010,4534.0
1117,2016,4525.0
48061,2016,4524.0
51059,2016,4521.0
23005,2014,4519.0
29077,2011,4519.0
26049,2011,4517.0
39151,2011,4516.0
12127,2015,4513.0
21067,2013,4506.0
27163,2016,4506.0
38017,2014,4500.0
48303,2010,4492.0
12021,2010,4491.0
28033,2013,4488.0
8035,2012,4486.0
23005,2010,4481.0
25013,2013,4479.0
42043,2010,4473.0
39113,2013,4471.0
6053,2013,4470.0
37067,2015,4470.0
45063,2015,4469.0
34035,2011,4463.0
34021,2013,4458.0
51087,2010,4453.0
28033,2015,4451.0
18089,2010,4450.0
47187,2012,4439.0
8123,2012,4436.0
45063,2013,4432.0
24510,2016,4430.0
55009,2016,4421.0
48251,2016,4417.0
47165,2014,4412.0
1097,2013,4405.0
37101,2015,4395.0
23005,2015,4390.0
51153,2015,4372.0
53077,2016,4362.0
21067,2014,4358.0
6083,2011,4354.0
6053,2010,4334.0
12021,2013,4334.0
49011,2016,4333.0
47065,2011,4327.0
22033,2011,4322.0
34021,2011,4318.0
13063,2016,4316.0
5119,2015,4316.0
22071,2014,4315.0
8013,2014,4311.0
22033,2016,4308.0
45063,2010,4305.0
18003,2013,4305.0
13139,2014,4304.0
29047,2014,4304.0
42043,2014,4302.0
22103,2014,4295.0
34015,2011,4295.0
48355,2015,4292.0
6061,2015,4291.0
12081,2015,4291.0
42019,2010,4282.0
24025,2015,4282.0
38017,2015,4281.0
6041,2015,4279.0
28033,2014,4276.0
42041,2010,4274.0
36085,2014,4270.0
41047,2010,4264.0
42079,2016,4257.0
12009,2013,4255.0
48355,2011,4254.0
39041,2015,4250.0
12127,2013,4247.0
2020,2016,4245.0
6047,2010,4241.0
48039,2013,4239.0
30111,2010,4233.0
12009,2014,4232.0
49011,2014,4231.0
38017,2012,4229.0
47149,2012,4225.0
41039,2015,4224.0
8123,2015,4208.0
39151,2013,4202.0
47149,2010,4201.0
12081,2014,4196.0
28033,2012,4192.0
13139,2015,4188.0
12033,2011,4185.0
55009,2013,4181.0
27003,2012,4176.0
36087,2011,4174.0
8041,2010,4168.0
48479,2010,4164.0
45007,2011,4162.0
42043,2015,4160.0
48479,2015,4159.0
39041,2011,4150.0
13063,2015,4146.0
29077,2013,4138.0
18089,2013,4136.0
22055,2016,4135.0
10003,2013,4134.0
45019,2014,4129.0
24025,2011,4128.0
47149,2014,4124.0
51810,2016,4122.0
12033,2013,4118.0
12101,2011,4115.0
26049,2010,4109.0
2020,2015,4106.0
42069,2015,4106.0
26139,2012,4106.0
37067,2013,4097.0
24027,2014,4096.0
29099,2016,4094.0
6061,2011,4092.0
13063,2012,4091.0
22055,2013,4091.0
39085,2015,4088.0
29077,2010,4087.0
55009,2012,4086.0
12101,2012,4080.0
42079,2013,4078.0
51041,2016,4076.0
12021,2011,4076.0
24027,2010,4075.0
12009,2011,4058.0
51041,2011,4053.0
39099,2016,4052.0
55009,2010,4038.0
23005,2012,4038.0
51810,2012,4031.0
46099,2012,4026.0
17019,2016,4019.0
36085,2013,4018.0
37101,2012,4017.0
39085,2013,4006.0
45079,2016,4004.0
6061,2016,4003.0
42095,2015,4002.0
45083,2016,4001.0
40027,2015,4001.0
34021,2016,3999.0
39041,2016,3996.0
39103,2014,3994.0
47065,2010,3991.0
21067,2011,3986.0
17201,2014,3975.0
12109,2016,3974.0
48061,2015,3973.0
48355,2016,3968.0
45083,2014,3966.0
22103,2010,3965.0
22103,2011,3965.0
49057,2010,3959.0
46099,2015,3952.0
26049,2015,3952.0
6083,2016,3950.0
12019,2015,3945.0
29077,2014,3941.0
39093,2015,3940.0
37129,2011,3939.0
8123,2016,3935.0
48303,2015,3935.0
22055,2011,3932.0
2020,2013,3931.0
22103,2015,3927.0
28033,2011,3927.0
39017,2012,3926.0
45063,2011,3924.0
26093,2016,3914.0
37179,2012,3913.0
13117,2015,3912.0
45019,2016,3907.0
12009,2010,3896.0
48329,2013,3895.0
8069,2010,3890.0
6061,2010,3886.0
37067,2014,3882.0
5119,2013,3879.0
42095,2013,3872.0
31109,2010,3872.0
27163,2015,3864.0
45079,2015,3862.0
6087,2012,3860.0
34035,2010,3857.0
12097,2014,3855.0
31109,2015,3852.0
49011,2013,3848.0
51153,2011,3848.0
8013,2015,3846.0
48355,2013,3845.0
26139,2010,3844.0
36091,2014,3839.0
49011,2012,3836.0
31109,2014,3833.0
27163,2014,3832.0
46099,2014,3829.0
45083,2013,3829.0
29510,2012,3828.0
29047,2012,3824.0
48061,2013,3819.0
39085,2012,3817.0
36087,2012,3811.0
45079,2011,3810.0
29510,2013,3805.0
47187,2011,3801.0
6087,2013,3799.0
36087,2016,3793.0
22103,2013,3792.0
45079,2012,3792.0
13139,2016,3791.0
6079,2014,3780.0
26139,2014,3777.0
6047,2011,3775.0
39093,2011,3773.0
21067,2012,3766.0
24027,2016,3754.0
48355,2010,3754.0
31109,2016,3752.0
48039,2012,3747.0
51153,2013,3743.0
18141,2016,3743.0
37025,2012,3740.0
12097,2015,3734.0
13057,2013,3733.0
24027,2013,3729.0
48167,2012,3724.0
22033,2015,3724.0
24021,2015,3722.0
29099,2011,3722.0
22103,2012,3722.0
8035,2011,3712.0
36027,2011,3711.0
47165,2012,3711.0
47149,2011,3708.0
37067,2012,3707.0
42075,2012,3704.0
26139,2016,3702.0
8123,2014,3697.0
45019,2010,3693.0
36085,2011,3693.0
24025,2013,3688.0
8069,2015,3685.0
40027,2014,3679.0
39025,2013,3677.0
1117,2015,3677.0
6087,2015,3677.0
37025,2016,3676.0
48167,2013,3671.0
22017,2013,3670.0
36087,2010,3669.0
22017,2010,3666.0
31153,2015,3664.0
1117,2010,3661.0
19113,2010,3656.0
18141,2011,3654.0
45007,2014,3654.0
37179,2015,3653.0
22055,2010,3651.0
26093,2015,3651.0
46099,2013,3651.0
37067,2011,3643.0
8123,2011,3640.0
6079,2016,3640.0
8013,2010,3637.0
47187,2013,3637.0
13151,2014,3633.0
37071,2012,3633.0
8013,2012,3632.0
42041,2014,3631.0
13057,2010,3631.0
49011,2011,3630.0
38017,2013,3628.0
24025,2010,3628.0
10003,2015,3625.0
24510,2011,3624.0
5119,2012,3621.0
42049,2011,3608.0
1097,2012,3608.0
17019,2012,3606.0
36001,2014,3600.0
29047,2013,3597.0
48027,2016,3575.0
8069,2016,3575.0
51550,2011,3575.0
45079,2013,3574.0
45063,2012,3570.0
19113,2016,3569.0
51087,2016,3569.0
42049,2012,3566.0
8069,2011,3562.0
17119,2010,3555.0
26093,2014,3555.0
47065,2014,3550.0
31109,2013,3548.0
39093,2013,3546.0
18089,2011,3545.0
29077,2015,3542.0
37035,2010,3536.0
18141,2012,3527.0
36085,2012,3524.0
45019,2013,3522.0
13117,2013,3518.0
41047,2015,3511.0
5143,2010,3511.0
1003,2016,3509.0
18141,2010,3505.0
48355,2012,3498.0
38017,2010,3496.0
48423,2010,3493.0
36091,2012,3492.0
48167,2010,3492.0
6087,2016,3492.0
17163,2015,3492.0
26161,2014,3488.0
42041,2012,3487.0
39085,2010,3486.0
45079,2010,3482.0
30111,2013,3478.0
48061,2011,3470.0
16027,2010,3468.0
22017,2015,3465.0
18141,2015,3462.0
36085,2016,3460.0
48355,2014,3454.0
48245,2013,3449.0
23005,2011,3445.0
48135,2015,3445.0
55059,2011,3445.0
1117,2011,3442.0
29099,2014,3441.0
34019,2015,3438.0
12115,2015,3437.0
39103,2012,3437.0
6083,2012,3434.0
42019,2011,3434.0
21117,2013,3431.0
55087,2013,3431.0
12115,2014,3429.0
34001,2016,3427.0
18141,2014,3424.0
42043,2011,3423.0
13117,2012,3422.0
37179,2011,3422.0
42069,2010,3421.0
48309,2013,3419.0
39165,2010,3418.0
8123,2010,3415.0
21067,2010,3408.0
26077,2014,3407.0
24021,2010,3405.0
48061,2012,3405.0
55009,2014,3404.0
37179,2016,3403.0
39093,2010,3403.0
55087,2016,3397.0
51041,2013,3394.0
22017,2011,3392.0
48167,2011,3391.0
12021,2015,3390.0
27139,2011,3390.0
26049,2014,3387.0
17119,2016,3387.0
13151,2016,3386.0
13151,2015,3383.0
12083,2010,3381.0
5007,2013,3377.0
39165,2016,3376.0
54039,2010,3376.0
51810,2013,3373.0
42069,2013,3371.0
48423,2014,3370.0
38017,2016,3368.0
5007,2011,3364.0
8035,2010,3361.0
29077,2012,3358.0
6041,2013,3354.0
42095,2012,3352.0
37071,2010,3347.0
36001,2010,3344.0
26077,2010,3336.0
12081,2016,3332.0
27171,2011,3331.0
13139,2013,3329.0
12083,2013,3328.0
39041,2013,3328.0
49011,2010,3320.0
17201,2013,3318.0
48423,2013,3315.0
47165,2016,3312.0
22005,2015,3310.0
42089,2011,3310.0
6113,2016,3307.0
39093,2016,3305.0
55139,2014,3304.0
5143,2015,3302.0
6041,2016,3301.0
17201,2012,3299.0
37101,2010,3297.0
37179,2013,3295.0
13117,2010,3292.0
22071,2016,3292.0
22017,2012,3292.0
12111,2014,3290.0
28033,2010,3288.0
12115,2012,3288.0
13223,2010,3287.0
13139,2012,3286.0
18141,2013,3286.0
22017,2014,3285.0
41039,2012,3285.0
42043,2016,3285.0
13139,2010,3280.0
1089,2016,3280.0
22055,2012,3279.0
24025,2012,3276.0
46099,2010,3274.0
39045,2014,3274.0
1117,2014,3271.0
8123,2013,3270.0
55087,2010,3265.0
55087,2014,3264.0
36001,2016,3263.0
37025,2015,3258.0
13063,2013,3256.0
48209,2013,3256.0
12081,2010,3255.0
8069,2014,3252.0
17119,2012,3248.0
42069,2011,3246.0
20209,2013,3242.0
21117,2016,3242.0
49057,2014,3241.0
36001,2011,3239.0
13151,2010,3239.0
24027,2011,3237.0
34019,2013,3234.0
17201,2016,3233.0
48027,2015,3233.0
41047,2016,3230.0
42043,2012,3229.0
12083,2012,3228.0
21067,2015,3224.0
55101,2015,3223.0
27163,2013,3217.0
54039,2012,3216.0
13117,2014,3216.0
51153,2014,3215.0
39025,2014,3214.0
13051,2010,3212.0
29099,2013,3212.0
48209,2015,3208.0
29099,2012,3205.0
48309,2015,3204.0
24025,2016,3202.0
37071,2016,3199.0
12111,2010,3198.0
37063,2014,3198.0
17119,2014,3198.0
49057,2015,3197.0
8013,2016,3197.0
2020,2012,3195.0
13151,2013,3192.0
39099,2011,3191.0
45091,2011,3189.0
42069,2016,3189.0
17201,2015,3188.0
39085,2014,3187.0
48061,2010,3182.0
27163,2012,3181.0
55105,2012,3179.0
46099,2016,3178.0
24025,2014,3177.0
13077,2015,3176.0
1117,2012,3174.0
12127,2012,3172.0
41039,2011,3168.0
6087,2014,3167.0
21117,2015,3164.0
12109,2014,3164.0
23031,2014,3163.0
46099,2011,3159.0
37025,2014,3157.0
55105,2014,3156.0
48245,2012,3154.0
42041,2011,3154.0
30111,2014,3154.0
12083,2016,3152.0
39093,2014,3151.0
42041,2015,3149.0
22071,2015,3145.0
42019,2016,3145.0
22071,2010,3145.0
42019,2014,3141.0
48139,2011,3134.0
29510,2015,3129.0
39103,2016,3127.0
51550,2010,3126.0
48039,2016,3124.0
2020,2010,3124.0
37129,2012,3124.0
39041,2014,3123.0
30111,2011,3123.0
47187,2015,3122.0
37071,2015,3121.0
19113,2014,3121.0
50007,2016,3120.0
55009,2015,3111.0
17019,2014,3111.0
31109,2011,3107.0
22055,2015,3105.0
36027,2015,3105.0
37191,2011,3103.0
42075,2010,3103.0
40017,2010,3096.0
48381,2015,3095.0
13057,2012,3091.0
39089,2011,3091.0
31109,2012,3086.0
42049,2016,3086.0
30111,2016,3082.0
41029,2013,3081.0
12081,2012,3081.0
12021,2016,3081.0
18063,2014,3081.0
39133,2016,3080.0
24027,2015,3079.0
55073,2014,3069.0
13097,2011,3066.0
19163,2010,3066.0
36091,2011,3060.0
28049,2013,3055.0
6087,2011,3053.0
39165,2012,3052.0
47189,2014,3048.0
48027,2011,3046.0
42075,2014,3046.0
18163,2015,3046.0
41047,2012,3041.0
6087,2010,3041.0
27171,2016,3038.0
1003,2014,3038.0
13057,2014,3037.0
12001,2012,3034.0
27139,2015,3031.0
16027,2012,3030.0
39085,2011,3029.0
48061,2014,3028.0
1089,2015,3026.0
39103,2011,3023.0
37025,2011,3023.0
5007,2015,3022.0
17163,2010,3021.0
55105,2013,3015.0
16027,2016,3014.0
12019,2013,3010.0
51087,2012,3009.0
4021,2016,3007.0
44003,2015,3006.0
16055,2012,3006.0
6041,2010,3006.0
40027,2013,3005.0
48329,2014,3004.0
37129,2010,3004.0
13223,2014,2998.0
37021,2010,2996.0
8069,2012,2994.0
12033,2015,2993.0
13151,2011,2989.0
18039,2011,2988.0
39103,2010,2986.0
27145,2014,2985.0
26093,2013,2981.0
39025,2012,2979.0
5143,2012,2977.0
39165,2014,2976.0
12097,2012,2975.0
55131,2014,2975.0
31153,2016,2973.0
4027,2013,2965.0
29510,2010,2965.0
26049,2016,2963.0
25001,2016,2962.0
51550,2013,2961.0
37071,2014,2957.0
51107,2015,2956.0
36027,2013,2955.0
31153,2014,2954.0
34037,2015,2953.0
17167,2013,2949.0
42019,2012,2949.0
36063,2015,2948.0
34001,2011,2946.0
9011,2016,2945.0
13051,2012,2945.0
21117,2010,2943.0
27139,2012,2940.0
42019,2015,2939.0
48135,2014,2937.0
2020,2014,2937.0
36091,2016,2936.0
27163,2010,2936.0
31153,2010,2934.0
23005,2013,2934.0
12069,2010,2931.0
12069,2014,2931.0
36091,2010,2930.0
47187,2010,2929.0
13051,2016,2928.0
4021,2015,2925.0
55073,2016,2924.0
19113,2011,2924.0
36001,2015,2924.0
8069,2013,2922.0
48135,2013,2921.0
42019,2013,2921.0
17201,2011,2920.0
37063,2016,2919.0
13097,2014,2917.0
37035,2014,2916.0
37021,2012,2916.0
12115,2010,2914.0
48251,2013,2912.0
39025,2016,2907.0
53067,2010,2906.0
55139,2016,2906.0
53073,2010,2905.0
48251,2015,2904.0
37129,2015,2903.0
37147,2010,2902.0
26049,2013,2901.0
45051,2011,2897.0
51153,2016,2893.0
36027,2016,2887.0
20209,2015,2885.0
36085,2010,2885.0
42041,2013,2884.0
48041,2015,2882.0
39155,2012,2878.0
48309,2010,2877.0
17163,2013,2877.0
48479,2012,2875.0
12083,2015,2874.0
37071,2013,2872.0
23031,2013,2872.0
42069,2012,2864.0
40027,2016,2864.0
6047,2014,2862.0
6041,2014,2862.0
30111,2012,2861.0
13097,2016,2860.0
39041,2010,2859.0
21117,2012,2858.0
22015,2012,2856.0
51550,2016,2854.0
6079,2012,2854.0
17119,2015,2851.0
28049,2016,2851.0
1117,2013,2851.0
33013,2011,2850.0
12097,2011,2849.0
17201,2010,2848.0
48309,2012,2846.0
8077,2014,2844.0
26093,2012,2842.0
4021,2010,2841.0
30063,2016,2838.0
48329,2010,2835.0
5119,2014,2833.0
48139,2013,2832.0
5007,2014,2831.0
17119,2011,2831.0
1101,2016,2829.0
12109,2010,2826.0
12009,2016,2822.0
36111,2012,2821.0
48027,2014,2821.0
55059,2016,2820.0
17143,2012,2818.0
38017,2011,2818.0
34037,2014,2816.0
42125,2011,2814.0
55059,2012,2814.0
26077,2013,2811.0
5007,2012,2810.0
13151,2012,2809.0
26161,2015,2807.0
27141,2016,2807.0
45051,2014,2805.0
41017,2016,2805.0
6047,2012,2804.0
42125,2010,2800.0
51760,2014,2799.0
39025,2015,2794.0
45051,2015,2792.0
36027,2010,2787.0
12109,2012,2785.0
37035,2016,2783.0
55087,2015,2779.0
39085,2016,2777.0
26077,2011,2774.0
39025,2011,2774.0
39099,2010,2773.0
17019,2013,2771.0
48167,2015,2767.0
12081,2011,2765.0
1089,2014,2765.0
12097,2013,2764.0
40017,2011,2763.0
24021,2014,2763.0
48381,2010,2762.0
47165,2010,2760.0
39045,2010,2760.0
18081,2016,2756.0
41047,2011,2755.0
48209,2014,2754.0
42007,2012,2752.0
36085,2015,2752.0
39099,2015,2750.0
12111,2015,2747.0
41047,2013,2744.0
37179,2014,2744.0
29099,2015,2744.0
17163,2014,2743.0
55101,2016,2740.0
55059,2015,2739.0
48479,2014,2738.0
27139,2014,2736.0
12111,2011,2735.0
42069,2014,2735.0
21015,2014,2732.0
39103,2013,2731.0
47189,2015,2730.0
5143,2016,2729.0
9013,2014,2726.0
12069,2015,2724.0
47189,2013,2721.0
53067,2013,2718.0
19113,2015,2718.0
51153,2012,2717.0
11001,2010,2717.0
51153,2010,2716.0
39099,2014,2711.0
48479,2016,2710.0
36063,2010,2707.0
13051,2013,2707.0
48381,2014,2704.0
12111,2016,2703.0
51710,2010,2703.0
48479,2013,2702.0
48027,2012,2701.0
1089,2010,2697.0
39041,2012,2695.0
42125,2016,2694.0
55105,2011,2694.0
6041,2011,2692.0
27171,2015,2692.0
55131,2013,2692.0
48135,2010,2692.0
12115,2016,2691.0
19113,2012,2691.0
37151,2013,2688.0
18039,2016,2687.0
36007,2012,2687.0
21117,2014,2686.0
20209,2012,2686.0
13223,2012,2683.0
53067,2014,2681.0
4027,2011,2681.0
12083,2014,2679.0
12115,2013,2678.0
48245,2010,2674.0
47187,2014,2674.0
1003,2012,2674.0
37159,2010,2673.0
29510,2011,2673.0
48245,2011,2673.0
4027,2016,2671.0
45051,2013,2671.0
37035,2012,2664.0
26077,2015,2661.0
37097,2016,2660.0
55059,2013,2659.0
49057,2013,2657.0
5143,2013,2651.0
37159,2016,2650.0
42049,2015,2649.0
55059,2014,2647.0
19113,2013,2646.0
26161,2016,2645.0
39133,2014,2644.0
4025,2013,2644.0
9011,2010,2644.0
9007,2011,2643.0
26065,2015,2642.0
36007,2016,2642.0
33013,2010,2641.0
12069,2012,2641.0
27171,2010,2634.0
36111,2015,2632.0
39133,2010,2631.0
37035,2013,2630.0
22019,2010,2628.0
1089,2012,2627.0
37057,2012,2627.0
55087,2012,2626.0
12073,2013,2625.0
6113,2014,2621.0
5125,2014,2620.0
55131,2010,2620.0
22071,2012,2618.0
39103,2015,2617.0
22071,2011,2615.0
31153,2013,2613.0
36027,2012,2612.0
37001,2014,2611.0
18039,2014,2605.0
44003,2014,2604.0
48187,2011,2603.0
26077,2012,2603.0
49057,2011,2602.0
55105,2016,2602.0
13223,2015,2601.0
39093,2012,2596.0
28121,2011,2595.0
19163,2013,2594.0
42125,2015,2593.0
53073,2013,2593.0
39023,2010,2591.0
47065,2016,2591.0
34001,2015,2586.0
18163,2016,2582.0
26093,2010,2582.0
51107,2013,2581.0
45083,2011,2581.0
27163,2011,2579.0
34001,2010,2577.0
9011,2013,2575.0
27171,2014,2574.0
13097,2010,2574.0
45019,2011,2572.0
17099,2011,2572.0
18039,2012,2570.0
17163,2011,2570.0
17093,2012,2570.0
48187,2015,2569.0
28121,2014,2567.0
37057,2014,2567.0
51107,2012,2566.0
1125,2014,2565.0
12033,2010,2562.0
45015,2015,2560.0
17093,2010,2560.0
39045,2015,2558.0
37035,2015,2557.0
51087,2013,2556.0
40027,2012,2554.0
48135,2011,2552.0
17019,2015,2552.0
28049,2014,2546.0
27137,2015,2541.0
42075,2013,2540.0
26077,2016,2540.0
27145,2010,2539.0
47189,2016,2538.0
9005,2010,2537.0
1003,2015,2533.0
1003,2011,2531.0
26161,2011,2530.0
42125,2012,2529.0
42049,2010,2529.0
15009,2015,2528.0
51107,2014,2527.0
28049,2011,2527.0
22071,2013,2527.0
24013,2010,2524.0
48329,2016,2524.0
51085,2014,2519.0
5007,2016,2518.0
48039,2015,2518.0
37021,2011,2518.0
27139,2010,2518.0
6101,2016,2518.0
12111,2013,2517.0
12073,2015,2516.0
24013,2011,2513.0
1089,2011,2511.0
55073,2015,2508.0
16027,2011,2506.0
24013,2015,2506.0
9007,2015,2505.0
55101,2012,2503.0
26161,2012,2502.0
37057,2011,2502.0
6047,2013,2498.0
36007,2013,2498.0
37179,2010,2496.0
37191,2012,2494.0
6055,2015,2489.0
28121,2010,2489.0
23031,2010,2488.0
55087,2011,2487.0
23001,2010,2486.0
37057,2016,2484.0
53067,2012,2484.0
34011,2016,2484.0
39045,2013,2484.0
48091,2016,2484.0
37097,2010,2483.0
41029,2016,2483.0
16027,2015,2483.0
36091,2013,2482.0
21117,2011,2481.0
12083,2011,2481.0
48245,2016,2480.0
42125,2014,2480.0
53073,2014,2480.0
48041,2016,2478.0
37021,2016,2477.0
24043,2013,2477.0
42007,2015,2472.0
9011,2012,2471.0
19163,2012,2471.0
48027,2010,2467.0
1101,2010,2467.0
53057,2015,2466.0
47163,2011,2466.0
17167,2012,2464.0
47163,2015,2461.0
4021,2011,2455.0
37097,2013,2454.0
36027,2014,2453.0
6047,2015,2451.0
18063,2015,2451.0
48381,2011,2451.0
37159,2011,2450.0
55073,2010,2447.0
34019,2016,2444.0
18063,2013,2442.0
48245,2015,2442.0
37129,2014,2442.0
44003,2013,2441.0
49053,2016,2440.0
55073,2011,2438.0
55139,2012,2437.0
48041,2014,2436.0
22019,2016,2435.0
34037,2016,2434.0
12021,2012,2433.0
51700,2013,2432.0
1101,2011,2432.0
48257,2016,2431.0
44003,2010,2431.0
18039,2010,2429.0
48181,2011,2429.0
36007,2014,2429.0
20209,2016,2429.0
40017,2013,2427.0
55131,2011,2426.0
48139,2014,2425.0
48139,2015,2423.0
12033,2014,2422.0
37021,2014,2421.0
13113,2015,2418.0
13097,2013,2410.0
6041,2012,2406.0
48135,2012,2405.0
26005,2010,2402.0
17119,2013,2402.0
21015,2015,2399.0
19013,2016,2399.0
24021,2016,2398.0
37063,2010,2397.0
36091,2015,2396.0
37101,2016,2395.0
33013,2016,2395.0
9007,2010,2392.0
54039,2013,2392.0
22005,2012,2391.0
47187,2016,2391.0
18163,2012,2390.0
15009,2013,2386.0
26115,2010,2386.0
37127,2013,2386.0
12019,2010,2386.0
30111,2015,2384.0
48257,2013,2384.0
47189,2012,2383.0
37063,2015,2380.0
48309,2016,2374.0
48181,2016,2372.0
38015,2016,2369.0
12019,2011,2369.0
51085,2011,2366.0
37001,2011,2366.0
37129,2013,2365.0
42007,2013,2365.0
37071,2011,2364.0
9011,2011,2358.0
24013,2013,2358.0
55059,2010,2357.0
8013,2011,2354.0
22105,2014,2351.0
13057,2015,2349.0
48183,2010,2346.0
19163,2015,2345.0
53067,2016,2345.0
48187,2016,2341.0
55139,2013,2340.0
48135,2016,2337.0
12073,2012,2336.0
49053,2014,2335.0
6079,2013,2335.0
45007,2016,2334.0
37159,2014,2332.0
27019,2011,2331.0
48329,2015,2331.0
48139,2016,2331.0
17167,2010,2328.0
18039,2013,2326.0
34011,2011,2326.0
48041,2012,2324.0
17037,2013,2323.0
39099,2013,2322.0
4021,2014,2321.0
48423,2015,2321.0
13063,2010,2320.0
29510,2016,2319.0
48309,2011,2319.0
47165,2011,2319.0
37035,2011,2316.0
28047,2013,2314.0
37191,2010,2312.0
17161,2010,2312.0
33005,2011,2311.0
34037,2012,2306.0
12127,2011,2304.0
42125,2013,2304.0
34037,2010,2303.0
18063,2010,2303.0
12019,2016,2301.0
6025,2013,2298.0
26065,2016,2293.0
17143,2010,2292.0
9007,2016,2291.0
31153,2012,2290.0
48257,2010,2290.0
1115,2015,2286.0
28047,2015,2285.0
53005,2010,2284.0
27171,2013,2283.0
37147,2014,2282.0
27019,2015,2277.0
4027,2012,2277.0
28047,2011,2277.0
36007,2015,2276.0
48329,2011,2275.0
45041,2014,2275.0
48251,2014,2275.0
36001,2013,2274.0
16019,2014,2273.0
35045,2011,2273.0
48027,2013,2273.0
6113,2012,2271.0
26065,2013,2269.0
35043,2015,2268.0
39155,2014,2266.0
25001,2012,2266.0
6055,2010,2265.0
34037,2011,2265.0
39023,2011,2263.0
48479,2011,2261.0
48183,2013,2260.0
13051,2015,2255.0
27019,2014,2254.0
21015,2011,2254.0
34019,2014,2254.0
37191,2014,2253.0
21227,2016,2253.0
5045,2012,2253.0
29037,2016,2253.0
51550,2012,2251.0
48167,2016,2249.0
42055,2016,2248.0
26145,2011,2247.0
22017,2016,2246.0
48423,2016,2246.0
17091,2011,2243.0
42007,2016,2242.0
17143,2015,2241.0
28049,2010,2237.0
9005,2015,2236.0
28049,2012,2236.0
18127,2016,2236.0
55105,2010,2234.0
27139,2016,2233.0
29037,2011,2232.0
29037,2010,2231.0
24021,2013,2231.0
13097,2012,2230.0
36007,2010,2230.0
37063,2011,2229.0
23031,2016,2229.0
12115,2011,2229.0
24021,2011,2226.0
34037,2013,2223.0
12073,2011,2223.0
18063,2016,2222.0
37051,2016,2222.0
16055,2011,2222.0
42055,2014,2221.0
39155,2013,2217.0
19163,2011,2217.0
51700,2012,2215.0
12005,2014,2215.0
22005,2011,2214.0
26161,2010,2213.0
42007,2014,2213.0
26145,2010,2212.0
51085,2012,2211.0
9007,2013,2208.0
13113,2010,2208.0
45041,2015,2208.0
17163,2012,2207.0
42075,2016,2207.0
34011,2012,2207.0
18163,2011,2207.0
28121,2013,2206.0
51085,2015,2205.0
26005,2012,2205.0
55101,2013,2202.0
33013,2015,2201.0
47065,2012,2198.0
39045,2012,2198.0
6007,2010,2197.0
10005,2016,2195.0
12085,2014,2193.0
17161,2012,2193.0
23031,2012,2192.0
48245,2014,2192.0
45051,2016,2192.0
44003,2012,2191.0
35043,2016,2191.0
17161,2016,2190.0
4025,2010,2189.0
49057,2012,2188.0
34011,2014,2187.0
5125,2016,2185.0
18081,2013,2185.0
48209,2016,2184.0
13297,2015,2182.0
22019,2012,2182.0
5143,2014,2180.0
39025,2010,2180.0
36063,2016,2178.0
37147,2011,2176.0
18127,2012,2175.0
48091,2012,2174.0
42049,2013,2173.0
9005,2014,2173.0
39089,2014,2172.0
17163,2016,2171.0
36063,2012,2171.0
27171,2012,2170.0
17019,2010,2168.0
6047,2016,2168.0
31153,2011,2168.0
39099,2012,2168.0
51107,2010,2167.0
55105,2015,2164.0
19103,2011,2164.0
33013,2012,2164.0
12109,2013,2162.0
37151,2012,2162.0
12069,2016,2161.0
48375,2015,2161.0
9013,2016,2159.0
17113,2016,2158.0
19155,2015,2156.0
4021,2012,2154.0
12005,2011,2154.0
53073,2015,2154.0
42089,2013,2151.0
45007,2012,2150.0
27137,2011,2149.0
35013,2012,2146.0
13113,2016,2146.0
33005,2012,2145.0
27145,2015,2145.0
25001,2013,2145.0
55131,2015,2144.0
24021,2012,2143.0
37021,2015,2142.0
9007,2014,2141.0
36111,2014,2140.0
51107,2011,2140.0
48441,2010,2137.0
16055,2015,2136.0
55109,2014,2133.0
53005,2012,2133.0
39155,2016,2132.0
13051,2011,2132.0
1003,2010,2131.0
12109,2015,2130.0
44003,2016,2130.0
45015,2014,2128.0
55063,2014,2127.0
18127,2011,2127.0
22063,2014,2126.0
17037,2010,2122.0
36001,2012,2122.0
45041,2013,2121.0
24043,2012,2120.0
51085,2016,2120.0
37147,2012,2118.0
21015,2016,2118.0
21037,2011,2117.0
42007,2010,2116.0
15001,2016,2113.0
33013,2014,2113.0
18157,2015,2112.0
35013,2013,2111.0
37097,2015,2110.0
22055,2014,2110.0
17113,2014,2109.0
48441,2013,2109.0
39165,2011,2109.0
34001,2013,2108.0
22109,2013,2108.0
42049,2014,2107.0
12069,2013,2106.0
27019,2016,2105.0
8101,2013,2104.0
19193,2016,2104.0
47009,2014,2101.0
21015,2010,2100.0
45015,2011,2100.0
22073,2016,2099.0
6079,2015,2099.0
12111,2012,2098.0
37101,2013,2097.0
9013,2011,2097.0
12069,2011,2096.0
40027,2011,2096.0
42107,2015,2096.0
1089,2013,2095.0
42013,2016,2095.0
18163,2013,2092.0
40017,2014,2092.0
20209,2014,2091.0
37063,2013,2091.0
19163,2014,2091.0
24043,2010,2090.0
19013,2010,2088.0
35025,2015,2087.0
13139,2011,2086.0
47165,2013,2083.0
13045,2010,2082.0
29037,2014,2081.0
12019,2012,2080.0
33005,2015,2080.0
33005,2014,2078.0
13097,2015,2077.0
10005,2015,2077.0
6079,2010,2074.0
36083,2013,2074.0
9005,2012,2074.0
18019,2014,2073.0
22019,2013,2072.0
23019,2010,2071.0
55131,2012,2071.0
27139,2013,2070.0
22063,2015,2069.0
26065,2011,2069.0
26145,2014,2067.0
17167,2015,2066.0
26161,2013,2064.0
13297,2010,2062.0
22019,2014,2061.0
10005,2013,2061.0
23019,2013,2060.0
1115,2010,2055.0
28121,2012,2054.0
53073,2011,2053.0
39089,2013,2053.0
6113,2013,2051.0
42075,2011,2051.0
12001,2013,2051.0
49057,2016,2051.0
9011,2015,2050.0
42055,2015,2050.0
36083,2010,2048.0
42013,2010,2048.0
30031,2015,2048.0
27145,2016,2043.0
48139,2010,2041.0
21029,2016,2041.0
12001,2014,2041.0
24013,2016,2040.0
23031,2015,2039.0
13045,2015,2039.0
53067,2015,2038.0
36007,2011,2038.0
17179,2014,2037.0
26005,2016,2036.0
39055,2015,2035.0
9007,2012,2034.0
29099,2010,2034.0
22105,2010,2032.0
48187,2014,2031.0
5131,2015,2028.0
16027,2013,2027.0
17091,2016,2026.0
11001,2016,2026.0
42041,2016,2025.0
5125,2013,2025.0
37159,2013,2024.0
29019,2011,2024.0
53067,2011,2017.0
6017,2013,2016.0
13013,2014,2016.0
5131,2012,2015.0
36063,2014,2013.0
29165,2014,2013.0
35045,2015,2011.0
21015,2013,2010.0
17161,2011,2010.0
4021,2013,2010.0
48183,2014,2008.0
17019,2011,2007.0
55063,2012,2007.0
17167,2014,2006.0
33013,2013,2003.0
9015,2011,2003.0
19061,2015,2003.0
53035,2011,2001.0
48309,2014,1999.0
4027,2014,1998.0
20209,2011,1996.0
12061,2012,1993.0
51550,2015,1992.0
53005,2013,1992.0
17167,2016,1991.0
1101,2015,1990.0
25015,2013,1989.0
26093,2011,1988.0
18081,2010,1988.0
47179,2016,1987.0
39089,2012,1987.0
1103,2014,1987.0
1069,2011,1987.0
21227,2014,1985.0
26075,2016,1984.0
28049,2015,1979.0
12019,2014,1979.0
37021,2013,1978.0
12053,2012,1978.0
17179,2012,1977.0
50007,2015,1976.0
45051,2010,1975.0
36065,2013,1974.0
46103,2012,1973.0
34019,2012,1973.0
41043,2016,1972.0
56025,2011,1970.0
37097,2014,1969.0
25001,2014,1968.0
39089,2016,1968.0
51085,2013,1967.0
40017,2015,1967.0
48209,2010,1965.0
37025,2010,1964.0
8077,2012,1964.0
48381,2012,1961.0
27137,2016,1961.0
53073,2016,1960.0
23011,2013,1960.0
45041,2012,1960.0
33017,2014,1959.0
5125,2010,1959.0
26065,2014,1959.0
36105,2015,1958.0
37089,2011,1955.0
19013,2012,1954.0
6113,2015,1953.0
42051,2010,1952.0
45015,2013,1950.0
29165,2015,1949.0
40017,2012,1947.0
12073,2010,1946.0
42013,2014,1944.0
4027,2010,1943.0
48257,2012,1942.0
19061,2014,1941.0
39133,2013,1941.0
1125,2010,1941.0
29019,2010,1937.0
47163,2014,1935.0
24013,2014,1934.0
13077,2016,1934.0
10005,2010,1933.0
11001,2015,1932.0
42013,2011,1930.0
20177,2011,1930.0
37025,2013,1930.0
12113,2013,1929.0
19061,2013,1929.0
19103,2016,1928.0
37051,2014,1927.0
48375,2014,1926.0
36063,2011,1926.0
51550,2014,1925.0
41029,2012,1923.0
37051,2011,1923.0
45015,2016,1922.0
12001,2011,1921.0
48183,2011,1921.0
48423,2011,1921.0
48423,2012,1921.0
27019,2013,1919.0
5031,2015,1917.0
55101,2010,1916.0
37051,2010,1915.0
12061,2014,1913.0
44003,2011,1911.0
20177,2016,1910.0
19013,2013,1910.0
37001,2016,1909.0
48329,2012,1908.0
6007,2014,1907.0
48187,2013,1907.0
55073,2013,1906.0
28047,2014,1905.0
39023,2014,1902.0
42089,2014,1900.0
23019,2012,1899.0
48375,2011,1899.0
55055,2011,1899.0
27145,2013,1898.0
1069,2010,1897.0
6079,2011,1896.0
23031,2011,1896.0
38015,2013,1894.0
37151,2011,1894.0
54039,2016,1894.0
18157,2013,1892.0
55063,2011,1889.0
26115,2011,1887.0
1125,2012,1887.0
51700,2014,1886.0
39173,2014,1886.0
40027,2010,1886.0
36083,2016,1885.0
1101,2012,1884.0
55101,2014,1884.0
51161,2016,1884.0
51710,2014,1882.0
48381,2013,1879.0
42007,2011,1879.0
37129,2016,1878.0
30063,2012,1877.0
36111,2016,1877.0
22063,2013,1876.0
42021,2010,1875.0
48251,2012,1874.0
48187,2012,1874.0
17091,2012,1872.0
23019,2016,1872.0
18163,2010,1872.0
51710,2015,1872.0
20177,2010,1871.0
19163,2016,1870.0
55139,2015,1870.0
39023,2015,1868.0
21015,2012,1868.0
42001,2012,1866.0
39045,2016,1865.0
1125,2011,1864.0
37151,2014,1862.0
53035,2015,1862.0
19013,2011,1861.0
39109,2016,1861.0
36083,2012,1860.0
36075,2013,1857.0
47189,2010,1855.0
36083,2011,1855.0
21029,2012,1854.0
13223,2013,1854.0
18163,2014,1853.0
12033,2016,1853.0
37127,2011,1852.0
55063,2015,1852.0
39165,2013,1852.0
17091,2010,1852.0
36065,2010,1851.0
54003,2015,1850.0
29165,2012,1849.0
42001,2013,1848.0
11001,2013,1848.0
39023,2013,1848.0
36065,2015,1847.0
42089,2012,1847.0
36093,2015,1846.0
26005,2011,1845.0
13063,2011,1844.0
37085,2013,1844.0
42107,2012,1843.0
39139,2014,1842.0
26065,2012,1842.0
39133,2011,1841.0
37001,2013,1841.0
42107,2013,1840.0
40145,2016,1840.0
9005,2011,1840.0
54039,2011,1839.0
15001,2012,1838.0
36111,2013,1836.0
23011,2011,1836.0
42055,2012,1836.0
39155,2011,1836.0
12021,2014,1836.0
6025,2010,1835.0
19013,2015,1832.0
28089,2014,1829.0
48251,2010,1829.0
13297,2013,1829.0
42075,2015,1828.0
26145,2015,1825.0
44009,2013,1824.0
12053,2013,1824.0
1069,2013,1823.0
22019,2011,1823.0
6055,2016,1821.0
39057,2015,1821.0
37097,2011,1819.0
39003,2015,1817.0
48367,2015,1817.0
36075,2010,1816.0
51710,2013,1815.0
17161,2014,1815.0
36065,2014,1811.0
4003,2010,1811.0
45007,2013,1811.0
55063,2016,1810.0
34019,2011,1810.0
48451,2011,1809.0
48469,2016,1808.0
42089,2015,1808.0
17113,2015,1808.0
55131,2016,1807.0
22073,2013,1807.0
42107,2016,1806.0
37051,2015,1805.0
29019,2016,1805.0
6031,2010,1805.0
16027,2014,1805.0
25001,2015,1804.0
18157,2016,1803.0
27145,2012,1800.0
42001,2011,1799.0
28089,2016,1798.0
8077,2015,1798.0
17037,2015,1797.0
42021,2015,1797.0
48187,2010,1797.0
25015,2015,1795.0
36093,2012,1794.0
10005,2014,1794.0
37097,2012,1793.0
37191,2013,1793.0
26065,2010,1788.0
19155,2013,1788.0
6007,2016,1787.0
53057,2010,1785.0
55055,2014,1785.0
37051,2013,1784.0
55073,2012,1782.0
9005,2016,1780.0
12001,2010,1780.0
34001,2012,1779.0
51760,2016,1778.0
48257,2014,1778.0
36111,2011,1777.0
41017,2013,1776.0
26017,2010,1775.0
39173,2011,1775.0
19103,2010,1775.0
47119,2016,1773.0
55109,2012,1772.0
19049,2013,1772.0
18105,2014,1771.0
6055,2013,1771.0
9013,2012,1771.0
6089,2010,1771.0
18019,2012,1771.0
38015,2015,1770.0
17183,2014,1769.0
51760,2010,1768.0
6031,2011,1767.0
47163,2013,1767.0
1015,2016,1766.0
23011,2012,1765.0
48183,2016,1764.0
6113,2010,1763.0
40131,2010,1762.0
45007,2010,1762.0
53005,2011,1760.0
51760,2011,1759.0
18039,2015,1757.0
6055,2014,1756.0
17037,2016,1755.0
13215,2011,1753.0
27137,2014,1751.0
39133,2012,1751.0
20177,2013,1751.0
13223,2016,1750.0
13015,2014,1749.0
39057,2010,1748.0
20209,2010,1746.0
27019,2010,1743.0
42089,2010,1742.0
24013,2012,1741.0
11001,2011,1736.0
29019,2015,1735.0
20045,2012,1733.0
9015,2014,1730.0
48091,2015,1730.0
50007,2012,1730.0
42055,2010,1730.0
55055,2010,1729.0
29019,2014,1727.0
5131,2014,1725.0
34041,2015,1724.0
37101,2014,1724.0
23011,2014,1723.0
45035,2013,1723.0
6039,2016,1721.0
42021,2011,1720.0
18157,2014,1720.0
16083,2016,1719.0
22005,2013,1719.0
22057,2010,1718.0
29019,2012,1717.0
37109,2014,1716.0
10005,2012,1715.0
15001,2015,1713.0
1003,2013,1711.0
35045,2012,1710.0
44009,2014,1708.0
51165,2016,1707.0
34041,2014,1706.0
50007,2014,1704.0
45015,2010,1702.0
33017,2016,1701.0
1069,2012,1701.0
34001,2014,1700.0
5007,2010,1700.0
56025,2013,1700.0
42107,2011,1700.0
51013,2016,1697.0
13073,2016,1696.0
33017,2010,1696.0
39003,2011,1696.0
1101,2013,1695.0
6113,2011,1694.0
18127,2014,1693.0
37159,2015,1693.0
1103,2010,1692.0
35013,2015,1692.0
37085,2015,1689.0
55127,2016,1689.0
37151,2015,1689.0
22073,2012,1688.0
15001,2013,1688.0
47189,2011,1688.0
39057,2016,1687.0
12061,2013,1687.0
22073,2014,1686.0
48183,2012,1686.0
47009,2011,1685.0
42081,2013,1683.0
54039,2014,1683.0
48451,2014,1683.0
36083,2015,1683.0
17143,2016,1682.0
19103,2013,1682.0
39173,2012,1682.0
56025,2014,1680.0
37001,2015,1679.0
37089,2015,1679.0
6017,2016,1679.0
48041,2010,1678.0
6039,2012,1678.0
36063,2013,1676.0
45077,2014,1676.0
37135,2016,1676.0
6025,2016,1675.0
48397,2010,1674.0
12053,2015,1673.0
39173,2015,1672.0
5143,2011,1672.0
29071,2012,1672.0
20177,2014,1670.0
34019,2010,1670.0
1125,2015,1669.0
13113,2014,1668.0
51013,2014,1667.0
37191,2015,1667.0
55127,2012,1667.0
9013,2010,1666.0
6031,2012,1664.0
12073,2014,1663.0
55101,2011,1661.0
10001,2015,1660.0
18127,2010,1660.0
42107,2010,1659.0
22005,2014,1658.0
29097,2013,1658.0
37127,2012,1658.0
13051,2014,1657.0
41029,2010,1657.0
26075,2012,1657.0
39089,2010,1656.0
26145,2013,1656.0
48451,2015,1655.0
53007,2013,1655.0
26145,2012,1655.0
48139,2012,1653.0
39003,2010,1653.0
9015,2010,1651.0
12113,2010,1651.0
48367,2012,1651.0
17179,2010,1650.0
10001,2012,1650.0
13077,2010,1649.0
48381,2016,1648.0
54039,2015,1648.0
5045,2011,1646.0
13153,2011,1646.0
6007,2011,1644.0
28089,2010,1644.0
26075,2010,1643.0
17001,2011,1641.0
11001,2012,1641.0
53073,2012,1640.0
17161,2015,1639.0
8101,2010,1639.0
37109,2016,1639.0
42001,2014,1639.0
18063,2012,1639.0
36111,2010,1636.0
1095,2010,1635.0
39155,2010,1634.0
51161,2013,1633.0
13045,2012,1633.0
27141,2014,1632.0
1081,2016,1631.0
17037,2011,1631.0
42081,2015,1630.0
42081,2011,1630.0
19061,2011,1629.0
53035,2016,1629.0
36079,2016,1629.0
19193,2015,1628.0
27137,2012,1626.0
41071,2012,1625.0
55089,2015,1622.0
26121,2014,1621.0
19193,2013,1621.0
22063,2011,1618.0
42013,2015,1618.0
30031,2016,1618.0
5131,2011,1618.0
29071,2013,1617.0
41071,2014,1617.0
17113,2013,1617.0
42013,2012,1616.0
15009,2011,1614.0
53035,2012,1614.0
12097,2010,1611.0
36093,2013,1610.0
35013,2014,1608.0
13021,2011,1608.0
11001,2014,1607.0
35043,2011,1607.0
1055,2011,1607.0
22079,2011,1606.0
53035,2014,1606.0
5045,2015,1606.0
26005,2014,1606.0
6007,2012,1606.0
36069,2010,1605.0
16019,2010,1605.0
15001,2010,1604.0
47009,2010,1603.0
17113,2011,1603.0
44009,2015,1602.0
26017,2016,1602.0
38035,2016,1600.0
17179,2013,1600.0
13245,2016,1600.0
17143,2014,1599.0
36065,2016,1599.0
35025,2014,1598.0
39089,2015,1598.0
12073,2016,1598.0
37157,2015,1596.0
29097,2011,1595.0
41071,2016,1593.0
38101,2014,1591.0
22005,2010,1591.0
40131,2014,1590.0
24043,2016,1590.0
26115,2014,1590.0
26075,2015,1589.0
48485,2012,1589.0
28121,2016,1589.0
55109,2015,1585.0
26121,2013,1585.0
13245,2010,1584.0
4015,2015,1584.0
22073,2015,1582.0
48375,2016,1582.0
51161,2014,1581.0
48375,2013,1580.0
18095,2013,1580.0
33005,2010,1580.0
13217,2010,1579.0
51760,2015,1578.0
27141,2015,1578.0
24043,2015,1577.0
9015,2016,1577.0
51700,2015,1574.0
39169,2014,1573.0
39063,2015,1572.0
42051,2015,1570.0
17179,2011,1569.0
55089,2013,1568.0
18019,2011,1566.0
17143,2011,1566.0
40131,2012,1566.0
26021,2011,1566.0
42089,2016,1565.0
1101,2014,1563.0
54003,2014,1562.0
30031,2011,1562.0
15009,2016,1561.0
55117,2012,1561.0
5131,2010,1560.0
12015,2013,1560.0
6055,2011,1560.0
22015,2013,1560.0
41029,2011,1559.0
27019,2012,1559.0
33005,2013,1558.0
37051,2012,1558.0
6007,2013,1558.0
27141,2012,1556.0
26021,2015,1555.0
56025,2010,1553.0
27109,2011,1553.0
48257,2015,1553.0
37135,2013,1553.0
39173,2010,1550.0
26121,2011,1550.0
5051,2014,1550.0
51177,2016,1549.0
26075,2011,1548.0
39139,2010,1548.0
19155,2012,1547.0
37085,2012,1547.0
10005,2011,1547.0
48091,2013,1545.0
29165,2011,1544.0
13077,2013,1543.0
51085,2010,1543.0
55039,2014,1543.0
19049,2015,1543.0
21151,2010,1543.0
50007,2013,1541.0
45035,2014,1541.0
51161,2011,1539.0
29097,2012,1538.0
36065,2011,1537.0
18127,2013,1536.0
9013,2015,1535.0
12091,2010,1535.0
39055,2013,1534.0
26005,2013,1534.0
23001,2015,1533.0
51740,2016,1533.0
39029,2015,1532.0
21029,2015,1532.0
39023,2016,1532.0
18109,2013,1532.0
35013,2016,1531.0
33017,2013,1530.0
10001,2016,1529.0
8077,2016,1528.0
48041,2013,1527.0
47125,2010,1526.0
26021,2016,1525.0
8077,2013,1523.0
18127,2015,1523.0
13153,2015,1523.0
26075,2014,1522.0
55139,2011,1522.0
6039,2014,1521.0
47125,2016,1521.0
12091,2015,1520.0
46103,2010,1518.0
12005,2013,1518.0
48181,2013,1518.0
1115,2016,1518.0
6045,2015,1515.0
18157,2010,1515.0
17091,2014,1514.0
16083,2015,1513.0
34011,2015,1513.0
5125,2011,1513.0
47009,2012,1512.0
27137,2010,1511.0
41043,2013,1511.0
22109,2011,1511.0
34041,2011,1511.0
26021,2012,1510.0
36093,2011,1509.0
12005,2012,1509.0
9015,2015,1509.0
45077,2013,1508.0
37147,2013,1508.0
20045,2015,1508.0
20177,2012,1507.0
53015,2012,1507.0
25015,2012,1507.0
42085,2014,1507.0
12085,2013,1506.0
54011,2013,1506.0
19061,2010,1506.0
45035,2010,1505.0
55063,2010,1505.0
22079,2016,1505.0
29031,2014,1505.0
48091,2014,1505.0
37127,2010,1504.0
46103,2016,1504.0
55035,2016,1503.0
40131,2015,1503.0
12053,2014,1501.0
12085,2015,1500.0
29165,2016,1500.0
37151,2010,1500.0
23019,2011,1500.0
37195,2010,1500.0
41071,2015,1500.0
25001,2010,1499.0
8077,2010,1498.0
8101,2015,1498.0
41029,2014,1498.0
42001,2016,1498.0
19013,2014,1497.0
42021,2016,1496.0
18081,2011,1496.0
9005,2013,1496.0
51161,2010,1495.0
13077,2012,1495.0
51650,2011,1494.0
21037,2016,1494.0
27145,2011,1493.0
21029,2010,1493.0
36079,2011,1492.0
47009,2013,1492.0
1125,2016,1492.0
37057,2010,1491.0
1069,2014,1490.0
27137,2013,1490.0
37049,2015,1489.0
26121,2015,1487.0
45051,2012,1486.0
9015,2013,1485.0
37147,2016,1485.0
39173,2016,1484.0
18019,2013,1483.0
21037,2012,1483.0
25001,2011,1482.0
12113,2012,1482.0
27109,2016,1481.0
45035,2016,1481.0
55035,2010,1480.0
51650,2010,1480.0
45035,2011,1479.0
6023,2016,1479.0
19155,2014,1479.0
6023,2015,1478.0
37089,2013,1477.0
55089,2014,1477.0
51107,2016,1477.0
12085,2016,1477.0
13073,2011,1477.0
17001,2016,1477.0
51650,2013,1477.0
37109,2012,1477.0
47179,2014,1476.0
4025,2015,1476.0
51177,2013,1476.0
1055,2016,1476.0
39057,2014,1476.0
18081,2012,1476.0
8101,2016,1475.0
28059,2013,1471.0
30063,2015,1470.0
19061,2016,1470.0
18105,2013,1470.0
48469,2010,1469.0
36105,2014,1469.0
36075,2012,1468.0
1055,2013,1468.0
39023,2012,1467.0
48257,2011,1467.0
39055,2011,1467.0
39169,2011,1466.0
13313,2014,1465.0
22073,2010,1464.0
38101,2016,1463.0
13077,2014,1463.0
13013,2015,1462.0
53025,2012,1461.0
18081,2015,1461.0
36045,2011,1461.0
18091,2011,1460.0
6025,2012,1460.0
41043,2014,1459.0
6023,2010,1458.0
36117,2014,1456.0
36013,2010,1455.0
17001,2015,1455.0
17091,2013,1454.0
23001,2011,1451.0
48091,2010,1450.0
16019,2016,1450.0
23019,2014,1450.0
35025,2013,1449.0
29043,2014,1449.0
55089,2010,1449.0
42085,2012,1449.0
13297,2016,1447.0
26147,2016,1445.0
9011,2014,1445.0
34011,2010,1445.0
48375,2010,1444.0
53025,2011,1444.0
36093,2010,1443.0
51700,2016,1441.0
19155,2010,1440.0
55109,2013,1439.0
12033,2012,1438.0
26055,2015,1438.0
6017,2010,1437.0
34033,2013,1436.0
13185,2012,1435.0
15009,2010,1434.0
39109,2012,1434.0
24015,2013,1434.0
42021,2014,1434.0
53005,2014,1434.0
45035,2012,1434.0
1069,2015,1433.0
48469,2011,1432.0
38101,2015,1432.0
39003,2012,1432.0
37001,2012,1431.0
55055,2015,1431.0
2090,2010,1430.0
39109,2014,1430.0
1069,2016,1429.0
40037,2011,1428.0
22019,2015,1428.0
42021,2012,1428.0
24017,2013,1427.0
22015,2014,1427.0
53025,2016,1426.0
19193,2012,1425.0
56025,2016,1425.0
17115,2010,1425.0
55127,2013,1421.0
30013,2016,1420.0
40017,2016,1420.0
13245,2012,1420.0
47147,2012,1419.0
45041,2011,1418.0
30063,2013,1417.0
19155,2016,1415.0
51069,2010,1415.0
29165,2010,1413.0
12091,2011,1412.0
18157,2011,1411.0
12001,2015,1411.0
35049,2010,1410.0
54003,2011,1410.0
38015,2010,1409.0
42021,2013,1408.0
39003,2016,1407.0
51161,2012,1406.0
24045,2014,1405.0
48397,2015,1405.0
51165,2015,1404.0
53005,2016,1403.0
45007,2015,1403.0
48209,2012,1403.0
37085,2014,1402.0
36075,2016,1402.0
39109,2011,1402.0
26017,2015,1401.0
18095,2015,1401.0
27109,2012,1400.0
18095,2010,1400.0
46103,2015,1399.0
26075,2013,1398.0
27109,2010,1398.0
40145,2015,1397.0
41019,2010,1397.0
5125,2012,1397.0
4025,2014,1397.0
5045,2016,1397.0
4025,2012,1396.0
26145,2016,1396.0
51650,2014,1395.0
4027,2015,1395.0
42027,2011,1395.0
39169,2015,1395.0
39063,2012,1394.0
37147,2015,1393.0
21093,2014,1392.0
36069,2014,1392.0
26115,2015,1392.0
30063,2014,1389.0
39057,2013,1388.0
45003,2010,1387.0
48441,2015,1387.0
48231,2015,1387.0
39133,2015,1387.0
55035,2015,1386.0
42027,2014,1386.0
22109,2014,1385.0
54003,2016,1385.0
22015,2011,1385.0
53057,2011,1385.0
26121,2010,1384.0
22109,2012,1383.0
55063,2013,1383.0
55089,2016,1383.0
24009,2014,1380.0
19155,2011,1379.0
38101,2013,1379.0
29097,2010,1379.0
12005,2016,1378.0
13013,2012,1378.0
13113,2013,1377.0
35043,2010,1376.0
51740,2013,1374.0
8101,2011,1373.0
42107,2014,1373.0
34033,2014,1373.0
6089,2014,1372.0
42085,2013,1371.0
36015,2015,1370.0
39055,2014,1369.0
13217,2013,1369.0
37057,2015,1368.0
45041,2010,1368.0
24015,2012,1367.0
40131,2016,1366.0
21227,2013,1366.0
1077,2010,1364.0
47125,2015,1364.0
50007,2011,1363.0
13073,2015,1363.0
48367,2011,1363.0
37135,2014,1362.0
55035,2011,1362.0
53057,2014,1361.0
47009,2016,1359.0
29021,2012,1358.0
48485,2014,1358.0
6023,2013,1357.0
39155,2015,1357.0
8077,2011,1357.0
13245,2014,1356.0
51013,2013,1355.0
36065,2012,1355.0
48441,2011,1354.0
20045,2011,1352.0
17183,2015,1351.0
42013,2013,1350.0
22109,2010,1350.0
55139,2010,1349.0
47125,2011,1347.0
36053,2015,1347.0
2090,2016,1345.0
19193,2010,1345.0
51760,2013,1345.0
49053,2013,1345.0
47011,2011,1344.0
26147,2015,1344.0
17167,2011,1344.0
5085,2016,1344.0
49053,2010,1343.0
21227,2011,1341.0
39057,2012,1339.0
12085,2012,1339.0
24045,2011,1339.0
9015,2012,1338.0
21227,2012,1338.0
36011,2015,1337.0
38035,2011,1337.0
19049,2010,1334.0
9013,2013,1334.0
37109,2013,1333.0
5085,2010,1332.0
36075,2014,1332.0
51770,2014,1328.0
29037,2015,1326.0
1015,2014,1324.0
22015,2016,1323.0
12091,2016,1322.0
18035,2013,1322.0
51710,2016,1320.0
54003,2013,1319.0
41059,2013,1319.0
5131,2013,1319.0
48451,2016,1318.0
27109,2015,1316.0
48441,2014,1316.0
26005,2015,1316.0
45077,2012,1315.0
27109,2013,1315.0
33017,2011,1315.0
26017,2014,1314.0
26121,2012,1313.0
53057,2012,1313.0
20045,2014,1312.0
39029,2014,1312.0
47125,2012,1311.0
51019,2014,1310.0
18063,2011,1310.0
56025,2015,1310.0
26055,2014,1310.0
55127,2011,1309.0
42051,2016,1309.0
23011,2015,1309.0
13073,2010,1308.0
1095,2012,1308.0
18081,2014,1308.0
42025,2013,1307.0
29019,2013,1307.0
42073,2014,1307.0
18067,2013,1307.0
18091,2010,1306.0
17099,2012,1306.0
28047,2010,1305.0
6025,2011,1304.0
24017,2012,1304.0
17161,2013,1304.0
1103,2011,1302.0
19193,2014,1301.0
24017,2016,1301.0
41017,2015,1301.0
17183,2016,1299.0
26115,2012,1299.0
51710,2011,1298.0
13185,2013,1298.0
12091,2014,1297.0
37057,2013,1297.0
42073,2011,1296.0
51770,2013,1295.0
26017,2011,1295.0
1077,2016,1295.0
17113,2012,1295.0
41043,2010,1294.0
24037,2011,1290.0
39157,2011,1290.0
27131,2016,1290.0
29165,2013,1289.0
22045,2015,1288.0
37127,2016,1287.0
42085,2016,1287.0
51019,2015,1287.0
36113,2016,1284.0
39139,2011,1281.0
54011,2014,1280.0
29071,2016,1280.0
35045,2014,1278.0
1055,2015,1278.0
24043,2011,1278.0
36069,2015,1278.0
6007,2015,1277.0
17183,2013,1277.0
13021,2013,1277.0
29097,2014,1276.0
42081,2012,1275.0
25015,2011,1274.0
17115,2014,1274.0
39029,2012,1274.0
18105,2015,1273.0
25003,2010,1273.0
18035,2015,1273.0
8101,2012,1273.0
22063,2016,1272.0
21227,2010,1272.0
18167,2016,1271.0
6017,2011,1271.0
47009,2015,1270.0
40145,2014,1269.0
48469,2013,1268.0
41059,2012,1267.0
22073,2011,1267.0
33017,2012,1267.0
38015,2011,1266.0
41019,2012,1266.0
36117,2016,1265.0
30031,2014,1264.0
16055,2013,1264.0
39169,2016,1263.0
17099,2015,1263.0
17183,2010,1262.0
37127,2014,1262.0
22109,2016,1262.0
26055,2013,1262.0
39173,2013,1262.0
26115,2013,1260.0
26017,2012,1257.0
17179,2015,1257.0
17115,2011,1256.0
17179,2016,1256.0
45013,2010,1256.0
6089,2011,1255.0
13021,2014,1254.0
39169,2012,1254.0
41071,2013,1253.0
22105,2016,1253.0
48469,2015,1252.0
28089,2011,1251.0
39119,2015,1251.0
37151,2016,1250.0
25015,2014,1248.0
47179,2013,1248.0
22057,2014,1248.0
38035,2015,1247.0
37191,2016,1247.0
48485,2011,1246.0
41029,2015,1246.0
39139,2013,1245.0
21093,2013,1244.0
48037,2011,1243.0
21227,2015,1243.0
48485,2010,1243.0
6089,2012,1242.0
36013,2011,1239.0
29031,2010,1239.0
39055,2016,1239.0
20045,2016,1238.0
20015,2016,1237.0
41017,2014,1237.0
6089,2013,1237.0
47163,2016,1237.0
27013,2016,1236.0
55039,2010,1235.0
47163,2012,1234.0
40145,2013,1234.0
30031,2013,1234.0
26055,2016,1233.0
12015,2015,1233.0
4015,2016,1233.0
21059,2013,1232.0
17001,2012,1231.0
37159,2012,1231.0
1125,2013,1231.0
18095,2011,1231.0
49053,2015,1230.0
42111,2013,1230.0
53041,2012,1230.0
48181,2015,1229.0
51760,2012,1229.0
41017,2011,1229.0
36083,2014,1229.0
10001,2011,1228.0
40131,2013,1227.0
22079,2014,1227.0
13015,2011,1225.0
5131,2016,1224.0
28121,2015,1224.0
18091,2013,1222.0
16055,2010,1218.0
36079,2012,1217.0
26021,2010,1217.0
36045,2015,1216.0
39045,2011,1216.0
26021,2014,1216.0
51013,2010,1214.0
26045,2010,1213.0
24015,2011,1213.0
6101,2012,1213.0
42027,2012,1211.0
53035,2013,1211.0
1081,2012,1211.0
26147,2013,1210.0
26045,2015,1210.0
37001,2010,1209.0
51177,2015,1208.0
6055,2012,1207.0
24009,2013,1206.0
41071,2010,1204.0
16019,2012,1203.0
55039,2016,1203.0
24017,2011,1203.0
5031,2016,1202.0
36053,2010,1202.0
21145,2011,1201.0
6039,2015,1201.0
26025,2010,1200.0
12113,2011,1197.0
22015,2015,1197.0
13247,2011,1197.0
23011,2016,1197.0
16005,2013,1196.0
42051,2012,1196.0
55117,2013,1195.0
51179,2012,1195.0
37063,2012,1195.0
55039,2013,1195.0
47119,2015,1195.0
29037,2013,1194.0
17099,2013,1194.0
26021,2013,1194.0
6089,2015,1192.0
42073,2010,1190.0
27141,2010,1189.0
5031,2010,1189.0
30063,2010,1189.0
37045,2016,1188.0
6025,2014,1188.0
34011,2013,1186.0
39003,2013,1185.0
48231,2016,1185.0
30031,2010,1183.0
48451,2013,1183.0
39119,2013,1183.0
6017,2015,1182.0
41043,2011,1182.0
39109,2013,1182.0
53025,2010,1182.0
13021,2010,1181.0
24017,2014,1180.0
34041,2016,1180.0
37089,2014,1179.0
15001,2014,1179.0
34041,2012,1179.0
39119,2010,1179.0
16019,2011,1178.0
36093,2016,1176.0
53041,2013,1175.0
51013,2015,1174.0
48041,2011,1173.0
13113,2011,1172.0
55109,2016,1172.0
41059,2016,1172.0
42063,2010,1170.0
29097,2016,1170.0
36069,2012,1168.0
51800,2016,1167.0
25003,2012,1167.0
18095,2014,1166.0
6023,2012,1165.0
55127,2015,1165.0
42081,2010,1165.0
13215,2015,1165.0
23011,2010,1165.0
45035,2015,1164.0
48037,2015,1163.0
42063,2013,1162.0
42027,2015,1161.0
36105,2012,1160.0
54003,2012,1159.0
26159,2010,1159.0
19103,2012,1158.0
51800,2014,1157.0
39055,2010,1156.0
6039,2011,1156.0
55027,2012,1156.0
13153,2014,1153.0
12015,2012,1152.0
16019,2015,1152.0
26115,2016,1152.0
42051,2011,1151.0
46103,2011,1149.0
51650,2016,1147.0
37133,2015,1146.0
42001,2010,1145.0
37195,2013,1145.0
17037,2012,1144.0
6089,2016,1142.0
42037,2011,1142.0
17115,2015,1142.0
25003,2011,1142.0
51161,2015,1141.0
33005,2016,1141.0
48231,2011,1140.0
45003,2014,1140.0
39003,2014,1138.0
21037,2014,1136.0
51069,2016,1135.0
37089,2016,1134.0
36117,2013,1134.0
36117,2010,1133.0
45085,2016,1133.0
22015,2010,1132.0
45077,2015,1132.0
29043,2010,1132.0
5045,2010,1130.0
42055,2011,1128.0
51177,2014,1124.0
27013,2013,1124.0
6023,2011,1122.0
24015,2014,1122.0
29021,2014,1122.0
6039,2010,1122.0
24009,2010,1121.0
48485,2013,1121.0
47011,2015,1120.0
13215,2012,1118.0
42081,2016,1117.0
6017,2014,1117.0
40119,2010,1117.0
54033,2015,1117.0
22057,2015,1116.0
54003,2010,1116.0
12015,2016,1116.0
55071,2012,1115.0
20177,2015,1115.0
21093,2015,1114.0
55027,2013,1113.0
16055,2014,1113.0
53015,2011,1112.0
53015,2016,1111.0
36013,2016,1110.0
27141,2013,1109.0
24015,2016,1109.0
51165,2014,1109.0
49005,2013,1108.0
18157,2012,1107.0
26091,2012,1107.0
36075,2015,1107.0
36013,2013,1107.0
6031,2014,1107.0
37155,2014,1106.0
39081,2011,1106.0
55127,2014,1105.0
13059,2013,1104.0
22109,2015,1103.0
47179,2010,1102.0
5085,2014,1101.0
24009,2011,1100.0
55039,2011,1100.0
42097,2012,1100.0
12017,2016,1100.0
34033,2010,1100.0
13245,2013,1099.0
55027,2015,1099.0
48451,2010,1098.0
30013,2012,1097.0
26111,2010,1095.0
29031,2015,1095.0
22057,2011,1094.0
1103,2012,1094.0
13045,2013,1094.0
55039,2012,1094.0
41019,2011,1094.0
36013,2012,1093.0
29043,2015,1092.0
51770,2012,1091.0
36117,2012,1090.0
16055,2016,1090.0
35043,2012,1089.0
13113,2012,1088.0
53021,2012,1088.0
34009,2016,1087.0
18043,2010,1087.0
42027,2016,1087.0
1055,2012,1086.0
48441,2016,1084.0
26159,2014,1084.0
26121,2016,1084.0
18043,2016,1084.0
55117,2011,1082.0
34009,2011,1082.0
55117,2015,1082.0
12001,2016,1081.0
55055,2012,1081.0
51177,2012,1080.0
39169,2013,1080.0
48469,2012,1080.0
36011,2013,1079.0
2170,2016,1079.0
33009,2016,1079.0
53027,2012,1079.0
28081,2012,1078.0
48181,2014,1078.0
13115,2011,1076.0
13021,2016,1075.0
4025,2016,1075.0
24045,2013,1073.0
17113,2010,1073.0
54061,2016,1073.0
17143,2013,1072.0
18019,2015,1071.0
12015,2010,1070.0
18035,2010,1070.0
39007,2015,1069.0
39119,2012,1069.0
48397,2012,1068.0
26155,2015,1068.0
1081,2015,1067.0
33009,2012,1067.0
13021,2015,1066.0
36075,2011,1065.0
15001,2011,1065.0
39169,2010,1064.0
50007,2010,1063.0
51019,2011,1062.0
1015,2012,1062.0
26147,2011,1061.0
30029,2012,1061.0
49005,2012,1060.0
48251,2011,1060.0
45003,2015,1059.0
20015,2014,1058.0
48485,2015,1057.0
35013,2010,1057.0
18035,2014,1056.0
26055,2011,1056.0
39055,2012,1056.0
37023,2015,1056.0
25015,2016,1055.0
19193,2011,1055.0
1077,2013,1055.0
51700,2010,1055.0
6017,2012,1055.0
45003,2016,1055.0
25011,2013,1055.0
40145,2010,1054.0
37109,2010,1054.0
48367,2014,1053.0
6025,2015,1050.0
42073,2016,1050.0
2170,2014,1049.0
13073,2012,1048.0
6031,2013,1048.0
38015,2014,1047.0
23001,2012,1047.0
1103,2015,1047.0
39157,2014,1046.0
18019,2016,1046.0
39139,2016,1046.0
19049,2016,1045.0
24017,2015,1044.0
5085,2013,1042.0
48361,2016,1042.0
48367,2010,1041.0
36069,2013,1040.0
44009,2016,1040.0
22079,2010,1039.0
56025,2012,1039.0
22097,2012,1039.0
55089,2011,1038.0
29043,2012,1037.0
13059,2011,1037.0
29071,2015,1036.0
28047,2012,1036.0
4025,2011,1036.0
55117,2016,1035.0
45077,2010,1034.0
19103,2014,1034.0
26037,2010,1033.0
13059,2015,1033.0
39029,2010,1033.0
47113,2011,1031.0
45077,2016,1031.0
45041,2016,1030.0
47113,2014,1029.0
51510,2016,1027.0
42001,2015,1027.0
41017,2010,1027.0
30029,2014,1027.0
24045,2015,1025.0
1015,2015,1024.0
19169,2016,1024.0
13215,2010,1023.0
1083,2015,1023.0
53005,2015,1022.0
47113,2015,1022.0
48469,2014,1022.0
22097,2011,1021.0
45015,2012,1021.0
12087,2015,1020.0
20045,2010,1020.0
41043,2012,1019.0
40037,2015,1018.0
54011,2011,1018.0
55109,2011,1018.0
55035,2013,1018.0
34009,2010,1017.0
13245,2015,1016.0
17099,2014,1015.0
29021,2010,1015.0
39007,2013,1013.0
55097,2012,1012.0
40037,2013,1012.0
41043,2015,1010.0
18043,2013,1009.0
55035,2014,1009.0
17001,2013,1008.0
42097,2011,1007.0
13073,2014,1005.0
24015,2010,1005.0
18019,2010,1004.0
48181,2010,1003.0
13013,2016,1003.0
12035,2014,1002.0
51013,2011,1002.0
37133,2012,998.0
2090,2014,997.0
40037,2010,995.0
48037,2014,994.0
15009,2012,994.0
42097,2010,994.0
51177,2010,993.0
40101,2015,993.0
54061,2014,993.0
21059,2011,991.0
37195,2015,990.0
18085,2014,989.0
47113,2010,989.0
46103,2013,988.0
18167,2011,986.0
53015,2015,985.0
42055,2013,985.0
53029,2016,982.0
1077,2012,980.0
5085,2015,979.0
35045,2016,979.0
12091,2013,977.0
26159,2012,976.0
39157,2012,975.0
42097,2014,975.0
36079,2015,975.0
25003,2015,975.0
21037,2015,975.0
36051,2015,975.0
47147,2016,974.0
22079,2013,972.0
39109,2010,972.0
36069,2011,972.0
51710,2012,970.0
49053,2012,970.0
18167,2015,970.0
53009,2013,968.0
21059,2015,967.0
26111,2014,967.0
29043,2016,965.0
36009,2013,965.0
5045,2014,965.0
42033,2013,964.0
55071,2015,963.0
35013,2011,963.0
36053,2014,960.0
36069,2016,959.0
30029,2015,958.0
5031,2014,958.0
37135,2015,956.0
10001,2013,955.0
17001,2014,953.0
1095,2015,952.0
36093,2014,952.0
13215,2013,951.0
33009,2013,951.0
21037,2013,950.0
28047,2016,950.0
34033,2011,950.0
1043,2012,950.0
17091,2015,950.0
54107,2012,950.0
47119,2013,948.0
51179,2011,948.0
1043,2013,948.0
21093,2012,946.0
37023,2016,946.0
25011,2015,943.0
42085,2010,943.0
22105,2011,942.0
40119,2015,942.0
35043,2014,942.0
26147,2012,941.0
29021,2013,940.0
12085,2011,939.0
29071,2014,938.0
55055,2013,938.0
24045,2012,938.0
36045,2016,938.0
29021,2015,937.0
55141,2011,937.0
16083,2012,937.0
30013,2011,937.0
15009,2014,934.0
30013,2014,934.0
6031,2016,933.0
47125,2013,933.0
8014,2015,931.0
39029,2016,931.0
47179,2015,931.0
12005,2010,930.0
44005,2014,930.0
55027,2016,929.0
36113,2014,929.0
37085,2011,929.0
41071,2011,928.0
25011,2014,928.0
42097,2015,928.0
39029,2013,928.0
36089,2013,927.0
44005,2016,927.0
42039,2014,926.0
36009,2011,926.0
18177,2011,926.0
12085,2010,926.0
13215,2016,925.0
45013,2016,925.0
26037,2011,925.0
13185,2010,924.0
42073,2013,924.0
48181,2012,924.0
26159,2016,924.0
1077,2014,921.0
56021,2012,921.0
6101,2014,921.0
19049,2014,920.0
25011,2010,918.0
4003,2013,918.0
24015,2015,918.0
36013,2015,918.0
36009,2016,918.0
26055,2012,917.0
18105,2011,917.0
27131,2015,916.0
37045,2010,915.0
51179,2014,913.0
34041,2010,913.0
39119,2011,912.0
39157,2015,912.0
46103,2014,912.0
26037,2014,911.0
51770,2016,911.0
39157,2013,909.0
24037,2014,909.0
13115,2014,908.0
6031,2015,908.0
1055,2014,908.0
27013,2015,908.0
47147,2013,906.0
17001,2010,905.0
30029,2013,905.0
41035,2014,903.0
39013,2013,903.0
45075,2013,903.0
40101,2013,903.0
34009,2015,902.0
23003,2010,901.0
1103,2016,900.0
51019,2010,900.0
24043,2014,900.0
27131,2014,899.0
22105,2012,898.0
36101,2013,898.0
28059,2016,897.0
39057,2011,897.0
12113,2015,897.0
29031,2011,896.0
48361,2013,896.0
22079,2012,896.0
37171,2015,896.0
37157,2013,896.0
55097,2014,896.0
26025,2011,895.0
18091,2015,894.0
47011,2013,893.0
40037,2014,890.0
41003,2014,889.0
53015,2014,889.0
51179,2016,889.0
39007,2010,886.0
38035,2010,885.0
53057,2013,885.0
1095,2014,883.0
4005,2012,883.0
26025,2014,883.0
1083,2014,882.0
21151,2014,882.0
15007,2010,882.0
36015,2013,882.0
24001,2015,881.0
54011,2012,881.0
4005,2011,881.0
51003,2015,880.0
35045,2013,879.0
17115,2016,879.0
18095,2012,879.0
40031,2011,878.0
6101,2015,877.0
53041,2016,877.0
42097,2013,877.0
26091,2011,876.0
18035,2011,874.0
37127,2015,874.0
54033,2012,871.0
17099,2016,870.0
51680,2014,868.0
37045,2013,868.0
55039,2015,867.0
45013,2014,866.0
1015,2013,866.0
12113,2014,864.0
37155,2013,863.0
19169,2015,863.0
51510,2013,862.0
47125,2014,862.0
39141,2014,861.0
42111,2016,861.0
25003,2013,861.0
22063,2010,861.0
30029,2010,857.0
1049,2011,857.0
39139,2015,857.0
5031,2012,856.0
26055,2010,856.0
12061,2010,854.0
21151,2011,853.0
18105,2010,852.0
23019,2015,851.0
37045,2014,851.0
55097,2010,850.0
48231,2014,850.0
22057,2016,850.0
23003,2012,848.0
51061,2015,848.0
55141,2014,847.0
30029,2016,847.0
55117,2010,846.0
22063,2012,846.0
42051,2013,846.0
18035,2016,845.0
6023,2014,844.0
40037,2016,844.0
13021,2012,844.0
53057,2016,844.0
55089,2012,843.0
39007,2016,843.0
23001,2013,842.0
51165,2012,842.0
40131,2011,841.0
51069,2014,841.0
53021,2016,841.0
42005,2012,841.0
39063,2011,841.0
10001,2014,839.0
5045,2013,839.0
26147,2014,839.0
4015,2013,838.0
22045,2011,836.0
42073,2015,836.0
45013,2013,835.0
48409,2016,835.0
35049,2013,832.0
22097,2015,831.0
55071,2010,830.0
37089,2012,829.0
42097,2016,829.0
37135,2012,827.0
4015,2012,827.0
10001,2010,827.0
19061,2012,827.0
36019,2016,827.0
42063,2015,826.0
12053,2010,826.0
25003,2016,826.0
55097,2011,826.0
42037,2010,825.0
55141,2016,825.0
44009,2010,824.0
25011,2012,824.0
55027,2010,824.0
19169,2012,823.0
21059,2016,822.0
21029,2013,821.0
4015,2011,821.0
48213,2014,820.0
39081,2016,819.0
29021,2011,819.0
48367,2013,818.0
21059,2014,818.0
36079,2013,817.0
1095,2011,816.0
55109,2010,816.0
13185,2015,815.0
26087,2012,814.0
36015,2011,814.0
17183,2012,814.0
47113,2012,814.0
30013,2010,813.0
24017,2010,813.0
42111,2010,812.0
55027,2014,811.0
21151,2013,810.0
25011,2011,810.0
42005,2011,810.0
6101,2013,809.0
24037,2010,808.0
1043,2016,808.0
48485,2016,807.0
39119,2016,807.0
26025,2012,807.0
55127,2010,807.0
26045,2014,807.0
36011,2010,806.0
40145,2011,806.0
21093,2016,806.0
13215,2014,805.0
26155,2014,805.0
18043,2015,805.0
56021,2011,804.0
12091,2012,804.0
18035,2012,804.0
36089,2011,802.0
37049,2016,799.0
42111,2015,799.0
48409,2015,798.0
41059,2015,797.0
34041,2013,797.0
18105,2016,797.0
49005,2016,797.0
16019,2013,796.0
53029,2014,796.0
45075,2012,796.0
37171,2016,795.0
41019,2014,795.0
12005,2015,795.0
16005,2012,795.0
42073,2012,794.0
42033,2011,794.0
41017,2012,792.0
26159,2015,792.0
29097,2015,792.0
56021,2014,791.0
53015,2010,790.0
51700,2011,790.0
34033,2012,789.0
16083,2014,787.0
26025,2013,787.0
8101,2014,787.0
4015,2010,787.0
28059,2012,787.0
21059,2012,786.0
37157,2011,786.0
48451,2012,785.0
17115,2013,783.0
37155,2015,783.0
37019,2014,783.0
18167,2010,783.0
47155,2012,783.0
39081,2013,780.0
37045,2012,780.0
36013,2014,778.0
20015,2011,777.0
42033,2010,775.0
36101,2016,775.0
53041,2014,775.0
42027,2010,774.0
26037,2012,774.0
26155,2010,774.0
29071,2010,773.0
12053,2016,773.0
28059,2014,771.0
53009,2011,771.0
23003,2016,768.0
42063,2011,768.0
12061,2011,767.0
20015,2012,765.0
24009,2015,765.0
45013,2012,765.0
41019,2013,765.0
1081,2010,765.0
25011,2016,764.0
5125,2015,763.0
26091,2013,762.0
42039,2010,761.0
18095,2016,761.0
36011,2016,761.0
40125,2011,759.0
51740,2014,758.0
56021,2010,758.0
40125,2014,757.0
36009,2010,757.0
40037,2012,756.0
4015,2014,756.0
37155,2010,752.0
47179,2012,752.0
36105,2010,752.0
51013,2012,751.0
45003,2013,751.0
42039,2013,750.0
1015,2010,750.0
48441,2012,750.0
55055,2016,750.0
51165,2010,749.0
18043,2014,749.0
51069,2015,748.0
13095,2012,748.0
54061,2013,746.0
54033,2013,746.0
54107,2010,746.0
39013,2015,746.0
47163,2010,746.0
35049,2015,745.0
56021,2015,744.0
37019,2010,744.0
36117,2015,743.0
26147,2010,742.0
6057,2010,741.0
24009,2016,741.0
4005,2014,741.0
29031,2012,741.0
13153,2012,740.0
2170,2012,740.0
34009,2013,740.0
36101,2010,738.0
12015,2014,738.0
17183,2011,738.0
18167,2013,738.0
51800,2015,737.0
42037,2014,737.0
48213,2011,737.0
40101,2016,736.0
29071,2011,736.0
27013,2014,736.0
35043,2013,735.0
51800,2012,734.0
12017,2015,734.0
36045,2012,733.0
1083,2013,732.0
16005,2016,732.0
42111,2012,731.0
34009,2014,731.0
17037,2014,731.0
48183,2015,730.0
18067,2015,730.0
1081,2011,729.0
34033,2015,727.0
55141,2010,727.0
42033,2012,727.0
45013,2015,726.0
4017,2016,726.0
1083,2012,726.0
55071,2014,723.0
54107,2014,723.0
1081,2013,723.0
37171,2014,723.0
39139,2012,723.0
19169,2010,722.0
51650,2015,722.0
41019,2015,721.0
36101,2015,721.0
42063,2012,720.0
13115,2016,720.0
35049,2012,720.0
21185,2016,720.0
2170,2013,719.0
26017,2013,718.0
36045,2010,718.0
18167,2014,718.0
51510,2015,718.0
29037,2012,717.0
22057,2013,717.0
23001,2014,716.0
18085,2011,716.0
18167,2012,716.0
24009,2012,715.0
26111,2016,715.0
35045,2010,713.0
5031,2013,713.0
22105,2013,713.0
54033,2016,711.0
13185,2011,711.0
49005,2015,711.0
13095,2011,711.0
19103,2015,709.0
18043,2012,709.0
29051,2010,708.0
18091,2012,708.0
45085,2014,708.0
36079,2014,707.0
55141,2013,707.0
37133,2016,707.0
36051,2012,707.0
39013,2012,706.0
51179,2010,705.0
30013,2015,705.0
42005,2016,705.0
26037,2013,705.0
27013,2012,704.0
37109,2015,703.0
13115,2015,703.0
42111,2011,703.0
39157,2010,702.0
36015,2014,702.0
33009,2010,702.0
39029,2011,701.0
45003,2012,701.0
13185,2016,700.0
15007,2012,700.0
39157,2016,700.0
37133,2014,700.0
51003,2014,699.0
35049,2011,699.0
49005,2010,697.0
44009,2012,697.0
49005,2011,697.0
19169,2014,696.0
54107,2015,696.0
4005,2013,695.0
42085,2011,695.0
40145,2012,695.0
42005,2010,695.0
55117,2014,694.0
27109,2014,694.0
18177,2016,693.0
16083,2010,692.0
1095,2016,691.0
48375,2012,691.0
26037,2016,690.0
42027,2013,690.0
2170,2015,689.0
36015,2012,689.0
51165,2013,688.0
40101,2014,688.0
26087,2011,688.0
1015,2011,687.0
36053,2012,686.0
36089,2010,686.0
26037,2015,686.0
44005,2012,686.0
36011,2014,684.0
40101,2012,682.0
42037,2012,682.0
41059,2010,681.0
21037,2010,680.0
36101,2014,680.0
28059,2015,679.0
33017,2015,678.0
26045,2016,678.0
13013,2013,678.0
44009,2011,677.0
5085,2012,677.0
39081,2010,676.0
24045,2010,675.0
51179,2013,675.0
36089,2015,674.0
5051,2012,673.0
33009,2015,673.0
54061,2011,672.0
54061,2010,672.0
1121,2012,671.0
36011,2011,668.0
36019,2014,668.0
35049,2014,668.0
53041,2015,667.0
51069,2013,666.0
1081,2014,665.0
23001,2016,665.0
48213,2013,661.0
13153,2010,661.0
13245,2011,660.0
4003,2016,660.0
42033,2014,660.0
48037,2012,660.0
29051,2013,660.0
20045,2013,659.0
37157,2016,658.0
36015,2016,658.0
51650,2012,657.0
26091,2015,657.0
12113,2016,656.0
22057,2012,656.0
17099,2010,654.0
20103,2015,653.0
36009,2012,653.0
47147,2010,652.0
2090,2015,652.0
36113,2010,652.0
51179,2015,651.0
37155,2016,649.0
55097,2013,649.0
36045,2013,649.0
38035,2012,648.0
42005,2015,647.0
37195,2011,645.0
40119,2016,645.0
12053,2011,645.0
42085,2015,645.0
42081,2014,644.0
37171,2012,644.0
49005,2014,643.0
47011,2014,641.0
17199,2015,641.0
18177,2014,640.0
4003,2014,640.0
36053,2013,640.0
53041,2011,639.0
26159,2013,637.0
36113,2013,637.0
45003,2011,636.0
24001,2011,635.0
13045,2011,634.0
18109,2015,631.0
26091,2014,631.0
26073,2013,630.0
42039,2015,629.0
39101,2010,629.0
24037,2015,627.0
51510,2012,626.0
2170,2011,624.0
1095,2013,624.0
26091,2016,623.0
38015,2012,622.0
26087,2015,622.0
39013,2014,621.0
41053,2010,621.0
54011,2010,620.0
25015,2010,617.0
37085,2010,617.0
18177,2012,616.0
51740,2010,616.0
41059,2014,616.0
13127,2015,614.0
51061,2010,613.0
36053,2011,613.0
42051,2014,612.0
36019,2011,611.0
40125,2015,611.0
51740,2011,610.0
6039,2013,610.0
51015,2011,610.0
54061,2012,609.0
36051,2016,609.0
26155,2012,608.0
38035,2014,608.0
36089,2012,605.0
30049,2013,604.0
39119,2014,603.0
39007,2011,603.0
13247,2013,602.0
38035,2013,601.0
16005,2014,601.0
18109,2012,601.0
55141,2015,600.0
26103,2014,600.0
19169,2011,600.0
53009,2016,599.0
42111,2014,599.0
55097,2016,599.0
42039,2012,599.0
26087,2010,598.0
41035,2015,595.0
45085,2013,593.0
29031,2013,593.0
39043,2012,592.0
37171,2013,590.0
51015,2010,590.0
37031,2016,589.0
48409,2012,589.0
29051,2012,589.0
26111,2015,589.0
13095,2010,588.0
21151,2016,588.0
37031,2014,587.0
17115,2012,586.0
53029,2015,586.0
15007,2013,585.0
36089,2014,584.0
55071,2013,581.0
21029,2014,581.0
15007,2014,581.0
39109,2015,580.0
36051,2011,580.0
39043,2013,580.0
36105,2011,579.0
40031,2013,579.0
40125,2012,576.0
23003,2011,576.0
33009,2011,576.0
47147,2015,576.0
36053,2016,575.0
55027,2011,573.0
36009,2015,573.0
42037,2013,572.0
39013,2016,572.0
40031,2014,571.0
39063,2014,570.0
16005,2011,570.0
37085,2016,570.0
26073,2015,570.0
30031,2012,569.0
19169,2013,567.0
26045,2011,566.0
36019,2013,566.0
28081,2015,566.0
26045,2012,564.0
22079,2015,564.0
18085,2013,563.0
36113,2012,562.0
47119,2010,562.0
53029,2011,561.0
37019,2013,558.0
42025,2016,557.0
26103,2010,554.0
28081,2016,554.0
26025,2016,554.0
36019,2010,553.0
42039,2011,553.0
54033,2014,552.0
26159,2011,551.0
42005,2013,551.0
40031,2012,551.0
22097,2014,550.0
6057,2014,550.0
40125,2013,549.0
13297,2014,548.0
55071,2016,548.0
18053,2013,547.0
53035,2010,545.0
39013,2010,543.0
42005,2014,542.0
36109,2016,541.0
55141,2012,539.0
55035,2012,536.0
39141,2015,535.0
42063,2016,534.0
26103,2012,534.0
36009,2014,533.0
34033,2016,532.0
51165,2011,530.0
55071,2011,527.0
36019,2012,527.0
51740,2012,526.0
13115,2010,525.0
36045,2014,525.0
29051,2015,525.0
6057,2015,525.0
54107,2016,525.0
37133,2013,524.0
26155,2013,520.0
26103,2015,520.0
51061,2014,519.0
26091,2010,517.0
51019,2016,516.0
36117,2011,513.0
39081,2014,512.0
35049,2016,509.0
26111,2011,509.0
51061,2013,508.0
4005,2010,507.0
24037,2012,507.0
48231,2013,503.0
30063,2011,503.0
36011,2012,502.0
54107,2013,498.0
24001,2014,496.0
26045,2013,495.0
12017,2010,495.0
25003,2014,495.0
39043,2016,494.0
4005,2016,494.0
48367,2016,493.0
4017,2012,492.0
8014,2016,491.0
54107,2011,490.0
34009,2012,490.0
6057,2012,483.0
18085,2012,481.0
12087,2016,481.0
18091,2014,479.0
37155,2012,475.0
26073,2011,474.0
39043,2010,474.0
21059,2010,472.0
37155,2011,472.0
45077,2011,469.0
30013,2013,468.0
41059,2011,467.0
2090,2011,466.0
29021,2016,466.0
39013,2011,464.0
47001,2012,462.0
26103,2011,461.0
48231,2012,459.0
40031,2015,459.0
26155,2011,458.0
2170,2010,456.0
26087,2013,456.0
16005,2015,456.0
37019,2012,455.0
48291,2010,454.0
28059,2010,451.0
26103,2016,447.0
51740,2015,447.0
40031,2010,445.0
53041,2010,443.0
40125,2016,442.0
24001,2012,440.0
51019,2012,436.0
13073,2013,434.0
41003,2010,433.0
26025,2015,432.0
17199,2014,432.0
26073,2016,430.0
42063,2014,430.0
27131,2013,429.0
56021,2013,429.0
48409,2014,427.0
37019,2016,426.0
18091,2016,426.0
40125,2010,425.0
45085,2012,423.0
26073,2012,419.0
36051,2013,419.0
45085,2010,418.0
56021,2016,417.0
39007,2014,417.0
33009,2014,414.0
22097,2016,412.0
37157,2014,410.0
48361,2012,409.0
36015,2010,409.0
18105,2012,408.0
23003,2013,406.0
26103,2013,405.0
26087,2016,402.0
18053,2012,400.0
53009,2012,399.0
1103,2013,398.0
36101,2011,394.0
21047,2012,393.0
42037,2016,389.0
39081,2012,388.0
37031,2012,388.0
42033,2015,387.0
42033,2016,385.0
36051,2014,385.0
42037,2015,384.0
26111,2012,382.0
47011,2016,381.0
23003,2015,377.0
26155,2016,377.0
21151,2012,377.0
36101,2012,377.0
26073,2014,376.0
4017,2013,375.0
39043,2011,372.0
41019,2016,371.0
42039,2016,368.0
51510,2014,362.0
40031,2016,360.0
24037,2016,359.0
40119,2012,358.0
41053,2011,358.0
26111,2013,355.0
53009,2014,353.0
51061,2016,353.0
36051,2010,351.0
26073,2010,346.0
6045,2011,330.0
18085,2015,328.0
39007,2012,326.0
26087,2014,323.0
37031,2013,322.0
20103,2014,307.0
48409,2013,301.0
18177,2013,301.0
4005,2015,293.0
15007,2015,292.0
37031,2015,289.0
51061,2012,283.0
36109,2010,277.0
48213,2016,268.0
55097,2015,263.0
4017,2015,261.0
41003,2012,257.0
36109,2011,255.0
37049,2010,250.0
23003,2014,241.0
20015,2013,236.0
37133,2010,236.0
39145,2016,235.0
13095,2015,214.0
35031,2015,208.0
4017,2014,204.0
36089,2016,194.0
48213,2012,178.0
36109,2015,143.0
37049,2014,126.0
1051,2014,0.0
48203,2012,0.0
47059,2013,0.0
54011,2016,0.0
5145,2013,0.0
45073,2013,0.0
1049,2014,0.0
51095,2013,0.0
51121,2013,0.0
5069,2013,0.0
42025,2014,0.0
37037,2014,0.0
47113,2013,0.0
5051,2013,0.0
35061,2016,0.0
48291,2012,0.0
37125,2014,0.0
39009,2016,0.0
4001,2013,0.0
36105,2016,0.0
1043,2010,0.0
6045,2013,0.0
35035,2016,0.0
28081,2010,0.0
35025,2016,0.0
48099,2012,0.0
36079,2010,0.0
37027,2014,0.0
37195,2016,0.0
37193,2016,0.0
35005,2016,0.0
1051,2010,0.0
37023,2014,0.0
47001,2013,0.0
1043,2014,0.0
1055,2010,0.0
39101,2014,0.0
6057,2013,0.0
41033,2014,0.0
36109,2014,0.0
53025,2013,0.0
28035,2010,0.0
6033,2013,0.0
37161,2016,0.0
35031,2016,0.0
28067,2010,0.0
41053,2014,0.0
6045,2010,0.0
1049,2010,0.0
28075,2010,0.0
53029,2013,0.0
6033,2010,0.0
48203,2013,0.0
35061,2010,0.0
51800,2013,0.0
51003,2012,0.0
51015,2012,0.0
54081,2012,0.0
35031,2010,0.0
48471,2013,0.0
1121,2010,0.0
48099,2013,0.0
1127,2010,0.0
35005,2010,0.0
54081,2013,0.0
48397,2013,0.0
37037,2016,0.0
48037,2013,0.0
51069,2012,0.0
51095,2012,0.0
39145,2014,0.0
37027,2016,0.0
51121,2012,0.0
45059,2013,0.0
5069,2010,0.0
51199,2012,0.0
5051,2010,0.0
4001,2010,0.0
53015,2013,0.0
51680,2012,0.0
48291,2013,0.0
5145,2010,0.0
51680,2013,0.0
2090,2013,0.0
1051,2013,0.0
4017,2010,0.0
1127,2013,0.0
1121,2013,0.0
1115,2013,0.0
48347,2012,0.0
51199,2013,0.0
39043,2014,0.0
53029,2012,0.0
47141,2013,0.0
51019,2013,0.0
29187,2010,0.0
53007,2012,0.0
48471,2012,0.0
47155,2013,0.0
51003,2013,0.0
53027,2013,0.0
1049,2013,0.0
48005,2013,0.0
40119,2014,0.0
48021,2013,0.0
37161,2014,0.0
53021,2013,0.0
51015,2013,0.0
37193,2014,0.0
37125,2016,0.0
37195,2014,0.0
54081,2016,0.0
48347,2013,0.0
1083,2010,0.0
13015,2010,0.0
53027,2016,0.0
18059,2014,0.0
28075,2013,0.0
18005,2010,0.0
28081,2013,0.0
28089,2013,0.0
17199,2010,0.0
29043,2013,0.0
12107,2014,0.0
37125,2013,0.0
18067,2014,0.0
12119,2014,0.0
28067,2013,0.0
13031,2014,0.0
18053,2014,0.0
29187,2013,0.0
45031,2016,0.0
12087,2010,0.0
12089,2010,0.0
18005,2014,0.0
37049,2013,0.0
37037,2013,0.0
48397,2016,0.0
28035,2013,0.0
45057,2013,0.0
37193,2013,0.0
24037,2013,0.0
12023,2014,0.0
21145,2014,0.0
21047,2014,0.0
18177,2010,0.0
12055,2014,0.0
48471,2016,0.0
20161,2014,0.0
12023,2010,0.0
18109,2010,0.0
18053,2010,0.0
12087,2014,0.0
18085,2010,0.0
12035,2010,0.0
18067,2010,0.0
12089,2014,0.0
12055,2010,0.0
18059,2010,0.0
18109,2014,0.0
37161,2013,0.0
45047,2016,0.0
17093,2014,0.0
45057,2016,0.0
47141,2016,0.0
37023,2013,0.0
48099,2016,0.0
47059,2016,0.0
13127,2010,0.0
47113,2016,0.0
13179,2014,0.0
48037,2016,0.0
12119,2010,0.0
13127,2014,0.0
13095,2014,0.0
45059,2016,0.0
13059,2014,0.0
36105,2013,0.0
47155,2016,0.0
36109,2013,0.0
13059,2010,0.0
48021,2016,0.0
48005,2016,0.0
13047,2014,0.0
13013,2010,0.0
13185,2014,0.0
37027,2013,0.0
47001,2016,0.0
48203,2016,0.0
45073,2016,0.0
45075,2016,0.0
13045,2014,0.0
48347,2016,0.0
48291,2016,0.0
13295,2014,0.0
35005,2013,0.0
16005,2010,0.0
35031,2013,0.0
35035,2013,0.0
35061,2013,0.0
13285,2014,0.0
13247,2014,0.0
13313,2010,0.0
12107,2010,0.0
13295,2010,0.0
13285,2010,0.0
13247,2010,0.0
13217,2014,0.0
39063,2013,0.0
12017,2014,0.0
51003,2016,0.0
51680,2016,0.0
29051,2014,0.0
12107,2013,0.0
13031,2010,0.0
28081,2014,0.0
6101,2010,0.0
12119,2013,0.0
39141,2016,0.0
28075,2014,0.0
5069,2014,0.0
13015,2013,0.0
51199,2016,0.0
13031,2013,0.0
13047,2013,0.0
28067,2014,0.0
28035,2014,0.0
6115,2010,0.0
13095,2013,0.0
13115,2013,0.0
13127,2013,0.0
5145,2014,0.0
12089,2013,0.0
12087,2013,0.0
29187,2014,0.0
30049,2014,0.0
45047,2013,0.0
45031,2013,0.0
6115,2013,0.0
53007,2016,0.0
44005,2013,0.0
1115,2014,0.0
35061,2014,0.0
1121,2014,0.0
35035,2014,0.0
35031,2014,0.0
1127,2014,0.0
35005,2014,0.0
39063,2016,0.0
4001,2014,0.0
12017,2013,0.0
12023,2013,0.0
12035,2013,0.0
12055,2013,0.0
39101,2016,0.0
13153,2013,0.0
13179,2013,0.0
22045,2014,0.0
39145,2013,0.0
20103,2013,0.0
21195,2010,0.0
20161,2013,0.0
21145,2010,0.0
21047,2013,0.0
21093,2010,0.0
51015,2016,0.0
21047,2010,0.0
6115,2014,0.0
21145,2013,0.0
41053,2013,0.0
21195,2013,0.0
20161,2010,0.0
39141,2013,0.0
20103,2010,0.0
22045,2013,0.0
20015,2010,0.0
39101,2013,0.0
22097,2013,0.0
24001,2013,0.0
40119,2013,0.0
51095,2016,0.0
22045,2010,0.0
41003,2013,0.0
13285,2013,0.0
6033,2014,0.0
13295,2013,0.0
41003,2016,0.0
24001,2010,0.0
41033,2016,0.0
13313,2013,0.0
41035,2013,0.0
41035,2016,0.0
16083,2013,0.0
41033,2013,0.0
41053,2016,0.0
22097,2010,0.0
17093,2013,0.0
51121,2016,0.0
17199,2013,0.0
18005,2013,0.0
6045,2014,0.0
18059,2013,0.0
21195,2014,0.0
37195,2012,0.0
48021,2012,0.0
12015,2011,0.0
48021,2011,0.0
36019,2015,0.0
48091,2011,0.0
48099,2011,0.0
12055,2011,0.0
12035,2011,0.0
35061,2015,0.0
35035,2015,0.0
12023,2011,0.0
5051,2016,0.0
5069,2016,0.0
12017,2011,0.0
35005,2015,0.0
37019,2015,0.0
5145,2016,0.0
48203,2011,0.0
48209,2011,0.0
48291,2011,0.0
48347,2011,0.0
30049,2015,0.0
48361,2011,0.0
48397,2011,0.0
48409,2011,0.0
48471,2011,0.0
29187,2015,0.0
6033,2016,0.0
48005,2011,0.0
4001,2016,0.0
12087,2011,0.0
12089,2011,0.0
45031,2011,0.0
1049,2016,0.0
13077,2011,0.0
45047,2011,0.0
1051,2016,0.0
36113,2015,0.0
45057,2011,0.0
45059,2011,0.0
13031,2011,0.0
45073,2011,0.0
45075,2011,0.0
13013,2011,0.0
12119,2011,0.0
45085,2011,0.0
1083,2016,0.0
47001,2011,0.0
47059,2011,0.0
12107,2011,0.0
47119,2011,0.0
1121,2016,0.0
47141,2011,0.0
1127,2016,0.0
47147,2011,0.0
47155,2011,0.0
47179,2011,0.0
49053,2011,0.0
51003,2011,0.0
6045,2016,0.0
12119,2016,0.0
54033,2011,0.0
12131,2016,0.0
13015,2016,0.0
5145,2011,0.0
1049,2012,0.0
5085,2011,0.0
5069,2011,0.0
5051,2011,0.0
1051,2012,0.0
5031,2011,0.0
13031,2016,0.0
13045,2016,0.0
13047,2016,0.0
13059,2016,0.0
4017,2011,0.0
1115,2012,0.0
4003,2011,0.0
4001,2011,0.0
1127,2011,0.0
1127,2012,0.0
1121,2011,0.0
13095,2016,0.0
1115,2011,0.0
2090,2012,0.0
4001,2012,0.0
28035,2015,0.0
6033,2011,0.0
6057,2016,0.0
12107,2016,0.0
51061,2011,0.0
6115,2016,0.0
51069,2011,0.0
51095,2011,0.0
6115,2011,0.0
51121,2011,0.0
28089,2015,0.0
6101,2011,0.0
51177,2011,0.0
51199,2011,0.0
51510,2011,0.0
51680,2011,0.0
51770,2011,0.0
12023,2016,0.0
51800,2011,0.0
28075,2015,0.0
12035,2016,0.0
53007,2011,0.0
12055,2016,0.0
12061,2016,0.0
28067,2015,0.0
53021,2011,0.0
6057,2011,0.0
53027,2011,0.0
12089,2016,0.0
45013,2011,0.0
13117,2011,0.0
48005,2012,0.0
51770,2015,0.0
45073,2015,0.0
45059,2015,0.0
45057,2015,0.0
45047,2015,0.0
51680,2015,0.0
45031,2015,0.0
44005,2015,0.0
35005,2011,0.0
35025,2011,0.0
35031,2011,0.0
35035,2011,0.0
35061,2011,0.0
21195,2011,0.0
13127,2011,0.0
21093,2011,0.0
53007,2015,0.0
42025,2015,0.0
21047,2011,0.0
21029,2011,0.0
53009,2015,0.0
41053,2015,0.0
20161,2011,0.0
20103,2011,0.0
53021,2015,0.0
41033,2015,0.0
53025,2015,0.0
45075,2015,0.0
45085,2015,0.0
47001,2015,0.0
30029,2011,0.0
48471,2015,0.0
48361,2015,0.0
48347,2015,0.0
48291,2015,0.0
48213,2015,0.0
51015,2015,0.0
48203,2015,0.0
27141,2011,0.0
48099,2015,0.0
28035,2011,0.0
48021,2015,0.0
28059,2011,0.0
28067,2011,0.0
28075,2011,0.0
28081,2011,0.0
51095,2015,0.0
51121,2015,0.0
48005,2015,0.0
29043,2011,0.0
47155,2015,0.0
29051,2011,0.0
47141,2015,0.0
51199,2015,0.0
29187,2011,0.0
47059,2015,0.0
53027,2015,0.0
36113,2011,0.0
19049,2011,0.0
39101,2011,0.0
17093,2011,0.0
39141,2011,0.0
39145,2011,0.0
40101,2011,0.0
40119,2011,0.0
41003,2011,0.0
41033,2011,0.0
16083,2011,0.0
41035,2011,0.0
37193,2015,0.0
37161,2015,0.0
15007,2011,0.0
42025,2011,0.0
13313,2011,0.0
13297,2011,0.0
13295,2011,0.0
13285,2011,0.0
13223,2011,0.0
13217,2011,0.0
37125,2015,0.0
37045,2015,0.0
13179,2011,0.0
37037,2015,0.0
37027,2015,0.0
44005,2011,0.0
39009,2015,0.0
39043,2015,0.0
37019,2011,0.0
39081,2015,0.0
37023,2011,0.0
41003,2015,0.0
37027,2011,0.0
37031,2011,0.0
18109,2011,0.0
37045,2011,0.0
37049,2011,0.0
54011,2015,0.0
37109,2011,0.0
37125,2011,0.0
18067,2011,0.0
37133,2011,0.0
18059,2011,0.0
37135,2011,0.0
18053,2011,0.0
18043,2011,0.0
37161,2011,0.0
37171,2011,0.0
18005,2011,0.0
54061,2015,0.0
54081,2015,0.0
17199,2011,0.0
39145,2015,0.0
37193,2011,0.0
39101,2015,0.0
13127,2016,0.0
4003,2012,0.0
13153,2016,0.0
37027,2012,0.0
35005,2012,0.0
35025,2012,0.0
35031,2012,0.0
35035,2012,0.0
35061,2012,0.0
53027,2014,0.0
24045,2016,0.0
53025,2014,0.0
53021,2014,0.0
53007,2014,0.0
36109,2012,0.0
37023,2012,0.0
37037,2012,0.0
1083,2011,0.0
42025,2010,0.0
37049,2012,0.0
51199,2014,0.0
37125,2012,0.0
51121,2014,0.0
51095,2014,0.0
37157,2012,0.0
37161,2012,0.0
41035,2010,0.0
41033,2010,0.0
37193,2012,0.0
51015,2014,0.0
54081,2014,0.0
24001,2016,0.0
1043,2015,0.0
1049,2015,0.0
5069,2015,0.0
22005,2016,0.0
47059,2010,0.0
22045,2016,0.0
47011,2010,0.0
5051,2015,0.0
47001,2010,0.0
4003,2015,0.0
4001,2015,0.0
28035,2012,0.0
28067,2012,0.0
45075,2010,0.0
45073,2010,0.0
45059,2010,0.0
45057,2010,0.0
28075,2012,0.0
45047,2010,0.0
28089,2012,0.0
45031,2010,0.0
1127,2015,0.0
1121,2015,0.0
29187,2012,0.0
1077,2015,0.0
1051,2015,0.0
44005,2010,0.0
40101,2010,0.0
48471,2014,0.0
48397,2014,0.0
45075,2014,0.0
37161,2010,0.0
29051,2016,0.0
37157,2010,0.0
45073,2014,0.0
45059,2014,0.0
37135,2010,0.0
45057,2014,0.0
45047,2014,0.0
37125,2010,0.0
45031,2012,0.0
45031,2014,0.0
29187,2016,0.0
45047,2012,0.0
37089,2010,0.0
45057,2012,0.0
45059,2012,0.0
30049,2016,0.0
45073,2012,0.0
47011,2012,0.0
37031,2010,0.0
37027,2010,0.0
47059,2012,0.0
37023,2010,0.0
47119,2012,0.0
47141,2012,0.0
37171,2010,0.0
29031,2016,0.0
39101,2012,0.0
37193,2010,0.0
39141,2012,0.0
39145,2012,0.0
48361,2014,0.0
39145,2010,0.0
39141,2010,0.0
48347,2014,0.0
48291,2014,0.0
48203,2014,0.0
41033,2012,0.0
41035,2012,0.0
41053,2012,0.0
39063,2010,0.0
28035,2016,0.0
48099,2014,0.0
48021,2014,0.0
48005,2014,0.0
42025,2012,0.0
28067,2016,0.0
28075,2016,0.0
47155,2014,0.0
47147,2014,0.0
47141,2014,0.0
47119,2014,0.0
47059,2014,0.0
47001,2014,0.0
47141,2010,0.0
47155,2010,0.0
5145,2015,0.0
54033,2010,0.0
12087,2012,0.0
12089,2012,0.0
18059,2015,0.0
18053,2015,0.0
12107,2012,0.0
18005,2015,0.0
53029,2010,0.0
53027,2010,0.0
12119,2012,0.0
53021,2010,0.0
13015,2012,0.0
53009,2010,0.0
53007,2010,0.0
13031,2012,0.0
17093,2016,0.0
51800,2010,0.0
51770,2010,0.0
13047,2012,0.0
13059,2012,0.0
13115,2012,0.0
51680,2010,0.0
17093,2015,0.0
13127,2012,0.0
51510,2010,0.0
51199,2010,0.0
15007,2016,0.0
12055,2012,0.0
13217,2012,0.0
54081,2010,0.0
1077,2011,0.0
13179,2016,0.0
1051,2011,0.0
1043,2011,0.0
5069,2012,0.0
5145,2012,0.0
6033,2012,0.0
6045,2012,0.0
13217,2016,0.0
22105,2015,0.0
21195,2015,0.0
21151,2015,0.0
6115,2012,0.0
21145,2015,0.0
13247,2016,0.0
13285,2016,0.0
21047,2015,0.0
20161,2015,0.0
13295,2016,0.0
20015,2015,0.0
12017,2012,0.0
18177,2015,0.0
12023,2012,0.0
13313,2016,0.0
12035,2012,0.0
13179,2012,0.0
13247,2012,0.0
21145,2016,0.0
18109,2016,0.0
19049,2012,0.0
12119,2015,0.0
12107,2015,0.0
48231,2010,0.0
20103,2012,0.0
48213,2010,0.0
20161,2012,0.0
48203,2010,0.0
12089,2015,0.0
12061,2015,0.0
21145,2012,0.0
21195,2012,0.0
12055,2015,0.0
12035,2015,0.0
20103,2016,0.0
20161,2016,0.0
12023,2015,0.0
48099,2010,0.0
22045,2012,0.0
6115,2015,0.0
48037,2010,0.0
21047,2016,0.0
48021,2010,0.0
48005,2010,0.0
6033,2015,0.0
13015,2015,0.0
48361,2010,0.0
13285,2012,0.0
13031,2015,0.0
13295,2012,0.0
51121,2010,0.0
13297,2012,0.0
51095,2010,0.0
13313,2012,0.0
13313,2015,0.0
17199,2016,0.0
13295,2015,0.0
13285,2015,0.0
51003,2010,0.0
13247,2015,0.0
18005,2016,0.0
13217,2015,0.0
13179,2015,0.0
17199,2012,0.0
18053,2016,0.0
18059,2016,0.0
48471,2010,0.0
18005,2012,0.0
18067,2016,0.0
18085,2016,0.0
13047,2015,0.0
48409,2010,0.0
18059,2012,0.0
18067,2012,0.0
54081,2011,0.0
